/*--------------------------------*- C++ -*----------------------------------*\
  =========                 |
  \\      /  F ield         | OpenFOAM: The Open Source CFD Toolbox
   \\    /   O peration     | Website:  https://openfoam.org
    \\  /    A nd           | Version:  9
     \\/     M anipulation  |
\*---------------------------------------------------------------------------*/
FoamFile
{
    format      ascii;
    class       vectorField;
    location    "constant/polyMesh";
    object      points;
}
// * * * * * * * * * * * * * * * * * * * * * * * * * * * * * * * * * * * * * //


882
(
(0 0 0)
(0.005 0 0)
(0.01 0 0)
(0.015 0 0)
(0.02 0 0)
(0.025 0 0)
(0.03 0 0)
(0.035 0 0)
(0.04 0 0)
(0.045 0 0)
(0.05 0 0)
(0.055 0 0)
(0.06 0 0)
(0.065 0 0)
(0.07 0 0)
(0.075 0 0)
(0.08 0 0)
(0.085 0 0)
(0.09 0 0)
(0.095 0 0)
(0.1 0 0)
(0 0.01 0)
(0.005 0.01 0)
(0.01 0.01 0)
(0.015 0.01 0)
(0.02 0.01 0)
(0.025 0.01 0)
(0.03 0.01 0)
(0.035 0.01 0)
(0.04 0.01 0)
(0.045 0.01 0)
(0.05 0.01 0)
(0.055 0.01 0)
(0.06 0.01 0)
(0.065 0.01 0)
(0.07 0.01 0)
(0.075 0.01 0)
(0.08 0.01 0)
(0.085 0.01 0)
(0.09 0.01 0)
(0.095 0.01 0)
(0.1 0.01 0)
(0 0.02 0)
(0.005 0.02 0)
(0.01 0.02 0)
(0.015 0.02 0)
(0.02 0.02 0)
(0.025 0.02 0)
(0.03 0.02 0)
(0.035 0.02 0)
(0.04 0.02 0)
(0.045 0.02 0)
(0.05 0.02 0)
(0.055 0.02 0)
(0.06 0.02 0)
(0.065 0.02 0)
(0.07 0.02 0)
(0.075 0.02 0)
(0.08 0.02 0)
(0.085 0.02 0)
(0.09 0.02 0)
(0.095 0.02 0)
(0.1 0.02 0)
(0 0.03 0)
(0.005 0.03 0)
(0.01 0.03 0)
(0.015 0.03 0)
(0.02 0.03 0)
(0.025 0.03 0)
(0.03 0.03 0)
(0.035 0.03 0)
(0.04 0.03 0)
(0.045 0.03 0)
(0.05 0.03 0)
(0.055 0.03 0)
(0.06 0.03 0)
(0.065 0.03 0)
(0.07 0.03 0)
(0.075 0.03 0)
(0.08 0.03 0)
(0.085 0.03 0)
(0.09 0.03 0)
(0.095 0.03 0)
(0.1 0.03 0)
(0 0.04 0)
(0.005 0.04 0)
(0.01 0.04 0)
(0.015 0.04 0)
(0.02 0.04 0)
(0.025 0.04 0)
(0.03 0.04 0)
(0.035 0.04 0)
(0.04 0.04 0)
(0.045 0.04 0)
(0.05 0.04 0)
(0.055 0.04 0)
(0.06 0.04 0)
(0.065 0.04 0)
(0.07 0.04 0)
(0.075 0.04 0)
(0.08 0.04 0)
(0.085 0.04 0)
(0.09 0.04 0)
(0.095 0.04 0)
(0.1 0.04 0)
(0 0.05 0)
(0.005 0.05 0)
(0.01 0.05 0)
(0.015 0.05 0)
(0.02 0.05 0)
(0.025 0.05 0)
(0.03 0.05 0)
(0.035 0.05 0)
(0.04 0.05 0)
(0.045 0.05 0)
(0.05 0.05 0)
(0.055 0.05 0)
(0.06 0.05 0)
(0.065 0.05 0)
(0.07 0.05 0)
(0.075 0.05 0)
(0.08 0.05 0)
(0.085 0.05 0)
(0.09 0.05 0)
(0.095 0.05 0)
(0.1 0.05 0)
(0 0.06 0)
(0.005 0.06 0)
(0.01 0.06 0)
(0.015 0.06 0)
(0.02 0.06 0)
(0.025 0.06 0)
(0.03 0.06 0)
(0.035 0.06 0)
(0.04 0.06 0)
(0.045 0.06 0)
(0.05 0.06 0)
(0.055 0.06 0)
(0.06 0.06 0)
(0.065 0.06 0)
(0.07 0.06 0)
(0.075 0.06 0)
(0.08 0.06 0)
(0.085 0.06 0)
(0.09 0.06 0)
(0.095 0.06 0)
(0.1 0.06 0)
(0 0.07 0)
(0.005 0.07 0)
(0.01 0.07 0)
(0.015 0.07 0)
(0.02 0.07 0)
(0.025 0.07 0)
(0.03 0.07 0)
(0.035 0.07 0)
(0.04 0.07 0)
(0.045 0.07 0)
(0.05 0.07 0)
(0.055 0.07 0)
(0.06 0.07 0)
(0.065 0.07 0)
(0.07 0.07 0)
(0.075 0.07 0)
(0.08 0.07 0)
(0.085 0.07 0)
(0.09 0.07 0)
(0.095 0.07 0)
(0.1 0.07 0)
(0 0.08 0)
(0.005 0.08 0)
(0.01 0.08 0)
(0.015 0.08 0)
(0.02 0.08 0)
(0.025 0.08 0)
(0.03 0.08 0)
(0.035 0.08 0)
(0.04 0.08 0)
(0.045 0.08 0)
(0.05 0.08 0)
(0.055 0.08 0)
(0.06 0.08 0)
(0.065 0.08 0)
(0.07 0.08 0)
(0.075 0.08 0)
(0.08 0.08 0)
(0.085 0.08 0)
(0.09 0.08 0)
(0.095 0.08 0)
(0.1 0.08 0)
(0 0.09 0)
(0.005 0.09 0)
(0.01 0.09 0)
(0.015 0.09 0)
(0.02 0.09 0)
(0.025 0.09 0)
(0.03 0.09 0)
(0.035 0.09 0)
(0.04 0.09 0)
(0.045 0.09 0)
(0.05 0.09 0)
(0.055 0.09 0)
(0.06 0.09 0)
(0.065 0.09 0)
(0.07 0.09 0)
(0.075 0.09 0)
(0.08 0.09 0)
(0.085 0.09 0)
(0.09 0.09 0)
(0.095 0.09 0)
(0.1 0.09 0)
(0 0.1 0)
(0.005 0.1 0)
(0.01 0.1 0)
(0.015 0.1 0)
(0.02 0.1 0)
(0.025 0.1 0)
(0.03 0.1 0)
(0.035 0.1 0)
(0.04 0.1 0)
(0.045 0.1 0)
(0.05 0.1 0)
(0.055 0.1 0)
(0.06 0.1 0)
(0.065 0.1 0)
(0.07 0.1 0)
(0.075 0.1 0)
(0.08 0.1 0)
(0.085 0.1 0)
(0.09 0.1 0)
(0.095 0.1 0)
(0.1 0.1 0)
(0 0.11 0)
(0.005 0.11 0)
(0.01 0.11 0)
(0.015 0.11 0)
(0.02 0.11 0)
(0.025 0.11 0)
(0.03 0.11 0)
(0.035 0.11 0)
(0.04 0.11 0)
(0.045 0.11 0)
(0.05 0.11 0)
(0.055 0.11 0)
(0.06 0.11 0)
(0.065 0.11 0)
(0.07 0.11 0)
(0.075 0.11 0)
(0.08 0.11 0)
(0.085 0.11 0)
(0.09 0.11 0)
(0.095 0.11 0)
(0.1 0.11 0)
(0 0.12 0)
(0.005 0.12 0)
(0.01 0.12 0)
(0.015 0.12 0)
(0.02 0.12 0)
(0.025 0.12 0)
(0.03 0.12 0)
(0.035 0.12 0)
(0.04 0.12 0)
(0.045 0.12 0)
(0.05 0.12 0)
(0.055 0.12 0)
(0.06 0.12 0)
(0.065 0.12 0)
(0.07 0.12 0)
(0.075 0.12 0)
(0.08 0.12 0)
(0.085 0.12 0)
(0.09 0.12 0)
(0.095 0.12 0)
(0.1 0.12 0)
(0 0.13 0)
(0.005 0.13 0)
(0.01 0.13 0)
(0.015 0.13 0)
(0.02 0.13 0)
(0.025 0.13 0)
(0.03 0.13 0)
(0.035 0.13 0)
(0.04 0.13 0)
(0.045 0.13 0)
(0.05 0.13 0)
(0.055 0.13 0)
(0.06 0.13 0)
(0.065 0.13 0)
(0.07 0.13 0)
(0.075 0.13 0)
(0.08 0.13 0)
(0.085 0.13 0)
(0.09 0.13 0)
(0.095 0.13 0)
(0.1 0.13 0)
(0 0.14 0)
(0.005 0.14 0)
(0.01 0.14 0)
(0.015 0.14 0)
(0.02 0.14 0)
(0.025 0.14 0)
(0.03 0.14 0)
(0.035 0.14 0)
(0.04 0.14 0)
(0.045 0.14 0)
(0.05 0.14 0)
(0.055 0.14 0)
(0.06 0.14 0)
(0.065 0.14 0)
(0.07 0.14 0)
(0.075 0.14 0)
(0.08 0.14 0)
(0.085 0.14 0)
(0.09 0.14 0)
(0.095 0.14 0)
(0.1 0.14 0)
(0 0.15 0)
(0.005 0.15 0)
(0.01 0.15 0)
(0.015 0.15 0)
(0.02 0.15 0)
(0.025 0.15 0)
(0.03 0.15 0)
(0.035 0.15 0)
(0.04 0.15 0)
(0.045 0.15 0)
(0.05 0.15 0)
(0.055 0.15 0)
(0.06 0.15 0)
(0.065 0.15 0)
(0.07 0.15 0)
(0.075 0.15 0)
(0.08 0.15 0)
(0.085 0.15 0)
(0.09 0.15 0)
(0.095 0.15 0)
(0.1 0.15 0)
(0 0.16 0)
(0.005 0.16 0)
(0.01 0.16 0)
(0.015 0.16 0)
(0.02 0.16 0)
(0.025 0.16 0)
(0.03 0.16 0)
(0.035 0.16 0)
(0.04 0.16 0)
(0.045 0.16 0)
(0.05 0.16 0)
(0.055 0.16 0)
(0.06 0.16 0)
(0.065 0.16 0)
(0.07 0.16 0)
(0.075 0.16 0)
(0.08 0.16 0)
(0.085 0.16 0)
(0.09 0.16 0)
(0.095 0.16 0)
(0.1 0.16 0)
(0 0.17 0)
(0.005 0.17 0)
(0.01 0.17 0)
(0.015 0.17 0)
(0.02 0.17 0)
(0.025 0.17 0)
(0.03 0.17 0)
(0.035 0.17 0)
(0.04 0.17 0)
(0.045 0.17 0)
(0.05 0.17 0)
(0.055 0.17 0)
(0.06 0.17 0)
(0.065 0.17 0)
(0.07 0.17 0)
(0.075 0.17 0)
(0.08 0.17 0)
(0.085 0.17 0)
(0.09 0.17 0)
(0.095 0.17 0)
(0.1 0.17 0)
(0 0.18 0)
(0.005 0.18 0)
(0.01 0.18 0)
(0.015 0.18 0)
(0.02 0.18 0)
(0.025 0.18 0)
(0.03 0.18 0)
(0.035 0.18 0)
(0.04 0.18 0)
(0.045 0.18 0)
(0.05 0.18 0)
(0.055 0.18 0)
(0.06 0.18 0)
(0.065 0.18 0)
(0.07 0.18 0)
(0.075 0.18 0)
(0.08 0.18 0)
(0.085 0.18 0)
(0.09 0.18 0)
(0.095 0.18 0)
(0.1 0.18 0)
(0 0.19 0)
(0.005 0.19 0)
(0.01 0.19 0)
(0.015 0.19 0)
(0.02 0.19 0)
(0.025 0.19 0)
(0.03 0.19 0)
(0.035 0.19 0)
(0.04 0.19 0)
(0.045 0.19 0)
(0.05 0.19 0)
(0.055 0.19 0)
(0.06 0.19 0)
(0.065 0.19 0)
(0.07 0.19 0)
(0.075 0.19 0)
(0.08 0.19 0)
(0.085 0.19 0)
(0.09 0.19 0)
(0.095 0.19 0)
(0.1 0.19 0)
(0 0.2 0)
(0.005 0.2 0)
(0.01 0.2 0)
(0.015 0.2 0)
(0.02 0.2 0)
(0.025 0.2 0)
(0.03 0.2 0)
(0.035 0.2 0)
(0.04 0.2 0)
(0.045 0.2 0)
(0.05 0.2 0)
(0.055 0.2 0)
(0.06 0.2 0)
(0.065 0.2 0)
(0.07 0.2 0)
(0.075 0.2 0)
(0.08 0.2 0)
(0.085 0.2 0)
(0.09 0.2 0)
(0.095 0.2 0)
(0.1 0.2 0)
(0 0 0.01)
(0.005 0 0.01)
(0.01 0 0.01)
(0.015 0 0.01)
(0.02 0 0.01)
(0.025 0 0.01)
(0.03 0 0.01)
(0.035 0 0.01)
(0.04 0 0.01)
(0.045 0 0.01)
(0.05 0 0.01)
(0.055 0 0.01)
(0.06 0 0.01)
(0.065 0 0.01)
(0.07 0 0.01)
(0.075 0 0.01)
(0.08 0 0.01)
(0.085 0 0.01)
(0.09 0 0.01)
(0.095 0 0.01)
(0.1 0 0.01)
(0 0.01 0.01)
(0.005 0.01 0.01)
(0.01 0.01 0.01)
(0.015 0.01 0.01)
(0.02 0.01 0.01)
(0.025 0.01 0.01)
(0.03 0.01 0.01)
(0.035 0.01 0.01)
(0.04 0.01 0.01)
(0.045 0.01 0.01)
(0.05 0.01 0.01)
(0.055 0.01 0.01)
(0.06 0.01 0.01)
(0.065 0.01 0.01)
(0.07 0.01 0.01)
(0.075 0.01 0.01)
(0.08 0.01 0.01)
(0.085 0.01 0.01)
(0.09 0.01 0.01)
(0.095 0.01 0.01)
(0.1 0.01 0.01)
(0 0.02 0.01)
(0.005 0.02 0.01)
(0.01 0.02 0.01)
(0.015 0.02 0.01)
(0.02 0.02 0.01)
(0.025 0.02 0.01)
(0.03 0.02 0.01)
(0.035 0.02 0.01)
(0.04 0.02 0.01)
(0.045 0.02 0.01)
(0.05 0.02 0.01)
(0.055 0.02 0.01)
(0.06 0.02 0.01)
(0.065 0.02 0.01)
(0.07 0.02 0.01)
(0.075 0.02 0.01)
(0.08 0.02 0.01)
(0.085 0.02 0.01)
(0.09 0.02 0.01)
(0.095 0.02 0.01)
(0.1 0.02 0.01)
(0 0.03 0.01)
(0.005 0.03 0.01)
(0.01 0.03 0.01)
(0.015 0.03 0.01)
(0.02 0.03 0.01)
(0.025 0.03 0.01)
(0.03 0.03 0.01)
(0.035 0.03 0.01)
(0.04 0.03 0.01)
(0.045 0.03 0.01)
(0.05 0.03 0.01)
(0.055 0.03 0.01)
(0.06 0.03 0.01)
(0.065 0.03 0.01)
(0.07 0.03 0.01)
(0.075 0.03 0.01)
(0.08 0.03 0.01)
(0.085 0.03 0.01)
(0.09 0.03 0.01)
(0.095 0.03 0.01)
(0.1 0.03 0.01)
(0 0.04 0.01)
(0.005 0.04 0.01)
(0.01 0.04 0.01)
(0.015 0.04 0.01)
(0.02 0.04 0.01)
(0.025 0.04 0.01)
(0.03 0.04 0.01)
(0.035 0.04 0.01)
(0.04 0.04 0.01)
(0.045 0.04 0.01)
(0.05 0.04 0.01)
(0.055 0.04 0.01)
(0.06 0.04 0.01)
(0.065 0.04 0.01)
(0.07 0.04 0.01)
(0.075 0.04 0.01)
(0.08 0.04 0.01)
(0.085 0.04 0.01)
(0.09 0.04 0.01)
(0.095 0.04 0.01)
(0.1 0.04 0.01)
(0 0.05 0.01)
(0.005 0.05 0.01)
(0.01 0.05 0.01)
(0.015 0.05 0.01)
(0.02 0.05 0.01)
(0.025 0.05 0.01)
(0.03 0.05 0.01)
(0.035 0.05 0.01)
(0.04 0.05 0.01)
(0.045 0.05 0.01)
(0.05 0.05 0.01)
(0.055 0.05 0.01)
(0.06 0.05 0.01)
(0.065 0.05 0.01)
(0.07 0.05 0.01)
(0.075 0.05 0.01)
(0.08 0.05 0.01)
(0.085 0.05 0.01)
(0.09 0.05 0.01)
(0.095 0.05 0.01)
(0.1 0.05 0.01)
(0 0.06 0.01)
(0.005 0.06 0.01)
(0.01 0.06 0.01)
(0.015 0.06 0.01)
(0.02 0.06 0.01)
(0.025 0.06 0.01)
(0.03 0.06 0.01)
(0.035 0.06 0.01)
(0.04 0.06 0.01)
(0.045 0.06 0.01)
(0.05 0.06 0.01)
(0.055 0.06 0.01)
(0.06 0.06 0.01)
(0.065 0.06 0.01)
(0.07 0.06 0.01)
(0.075 0.06 0.01)
(0.08 0.06 0.01)
(0.085 0.06 0.01)
(0.09 0.06 0.01)
(0.095 0.06 0.01)
(0.1 0.06 0.01)
(0 0.07 0.01)
(0.005 0.07 0.01)
(0.01 0.07 0.01)
(0.015 0.07 0.01)
(0.02 0.07 0.01)
(0.025 0.07 0.01)
(0.03 0.07 0.01)
(0.035 0.07 0.01)
(0.04 0.07 0.01)
(0.045 0.07 0.01)
(0.05 0.07 0.01)
(0.055 0.07 0.01)
(0.06 0.07 0.01)
(0.065 0.07 0.01)
(0.07 0.07 0.01)
(0.075 0.07 0.01)
(0.08 0.07 0.01)
(0.085 0.07 0.01)
(0.09 0.07 0.01)
(0.095 0.07 0.01)
(0.1 0.07 0.01)
(0 0.08 0.01)
(0.005 0.08 0.01)
(0.01 0.08 0.01)
(0.015 0.08 0.01)
(0.02 0.08 0.01)
(0.025 0.08 0.01)
(0.03 0.08 0.01)
(0.035 0.08 0.01)
(0.04 0.08 0.01)
(0.045 0.08 0.01)
(0.05 0.08 0.01)
(0.055 0.08 0.01)
(0.06 0.08 0.01)
(0.065 0.08 0.01)
(0.07 0.08 0.01)
(0.075 0.08 0.01)
(0.08 0.08 0.01)
(0.085 0.08 0.01)
(0.09 0.08 0.01)
(0.095 0.08 0.01)
(0.1 0.08 0.01)
(0 0.09 0.01)
(0.005 0.09 0.01)
(0.01 0.09 0.01)
(0.015 0.09 0.01)
(0.02 0.09 0.01)
(0.025 0.09 0.01)
(0.03 0.09 0.01)
(0.035 0.09 0.01)
(0.04 0.09 0.01)
(0.045 0.09 0.01)
(0.05 0.09 0.01)
(0.055 0.09 0.01)
(0.06 0.09 0.01)
(0.065 0.09 0.01)
(0.07 0.09 0.01)
(0.075 0.09 0.01)
(0.08 0.09 0.01)
(0.085 0.09 0.01)
(0.09 0.09 0.01)
(0.095 0.09 0.01)
(0.1 0.09 0.01)
(0 0.1 0.01)
(0.005 0.1 0.01)
(0.01 0.1 0.01)
(0.015 0.1 0.01)
(0.02 0.1 0.01)
(0.025 0.1 0.01)
(0.03 0.1 0.01)
(0.035 0.1 0.01)
(0.04 0.1 0.01)
(0.045 0.1 0.01)
(0.05 0.1 0.01)
(0.055 0.1 0.01)
(0.06 0.1 0.01)
(0.065 0.1 0.01)
(0.07 0.1 0.01)
(0.075 0.1 0.01)
(0.08 0.1 0.01)
(0.085 0.1 0.01)
(0.09 0.1 0.01)
(0.095 0.1 0.01)
(0.1 0.1 0.01)
(0 0.11 0.01)
(0.005 0.11 0.01)
(0.01 0.11 0.01)
(0.015 0.11 0.01)
(0.02 0.11 0.01)
(0.025 0.11 0.01)
(0.03 0.11 0.01)
(0.035 0.11 0.01)
(0.04 0.11 0.01)
(0.045 0.11 0.01)
(0.05 0.11 0.01)
(0.055 0.11 0.01)
(0.06 0.11 0.01)
(0.065 0.11 0.01)
(0.07 0.11 0.01)
(0.075 0.11 0.01)
(0.08 0.11 0.01)
(0.085 0.11 0.01)
(0.09 0.11 0.01)
(0.095 0.11 0.01)
(0.1 0.11 0.01)
(0 0.12 0.01)
(0.005 0.12 0.01)
(0.01 0.12 0.01)
(0.015 0.12 0.01)
(0.02 0.12 0.01)
(0.025 0.12 0.01)
(0.03 0.12 0.01)
(0.035 0.12 0.01)
(0.04 0.12 0.01)
(0.045 0.12 0.01)
(0.05 0.12 0.01)
(0.055 0.12 0.01)
(0.06 0.12 0.01)
(0.065 0.12 0.01)
(0.07 0.12 0.01)
(0.075 0.12 0.01)
(0.08 0.12 0.01)
(0.085 0.12 0.01)
(0.09 0.12 0.01)
(0.095 0.12 0.01)
(0.1 0.12 0.01)
(0 0.13 0.01)
(0.005 0.13 0.01)
(0.01 0.13 0.01)
(0.015 0.13 0.01)
(0.02 0.13 0.01)
(0.025 0.13 0.01)
(0.03 0.13 0.01)
(0.035 0.13 0.01)
(0.04 0.13 0.01)
(0.045 0.13 0.01)
(0.05 0.13 0.01)
(0.055 0.13 0.01)
(0.06 0.13 0.01)
(0.065 0.13 0.01)
(0.07 0.13 0.01)
(0.075 0.13 0.01)
(0.08 0.13 0.01)
(0.085 0.13 0.01)
(0.09 0.13 0.01)
(0.095 0.13 0.01)
(0.1 0.13 0.01)
(0 0.14 0.01)
(0.005 0.14 0.01)
(0.01 0.14 0.01)
(0.015 0.14 0.01)
(0.02 0.14 0.01)
(0.025 0.14 0.01)
(0.03 0.14 0.01)
(0.035 0.14 0.01)
(0.04 0.14 0.01)
(0.045 0.14 0.01)
(0.05 0.14 0.01)
(0.055 0.14 0.01)
(0.06 0.14 0.01)
(0.065 0.14 0.01)
(0.07 0.14 0.01)
(0.075 0.14 0.01)
(0.08 0.14 0.01)
(0.085 0.14 0.01)
(0.09 0.14 0.01)
(0.095 0.14 0.01)
(0.1 0.14 0.01)
(0 0.15 0.01)
(0.005 0.15 0.01)
(0.01 0.15 0.01)
(0.015 0.15 0.01)
(0.02 0.15 0.01)
(0.025 0.15 0.01)
(0.03 0.15 0.01)
(0.035 0.15 0.01)
(0.04 0.15 0.01)
(0.045 0.15 0.01)
(0.05 0.15 0.01)
(0.055 0.15 0.01)
(0.06 0.15 0.01)
(0.065 0.15 0.01)
(0.07 0.15 0.01)
(0.075 0.15 0.01)
(0.08 0.15 0.01)
(0.085 0.15 0.01)
(0.09 0.15 0.01)
(0.095 0.15 0.01)
(0.1 0.15 0.01)
(0 0.16 0.01)
(0.005 0.16 0.01)
(0.01 0.16 0.01)
(0.015 0.16 0.01)
(0.02 0.16 0.01)
(0.025 0.16 0.01)
(0.03 0.16 0.01)
(0.035 0.16 0.01)
(0.04 0.16 0.01)
(0.045 0.16 0.01)
(0.05 0.16 0.01)
(0.055 0.16 0.01)
(0.06 0.16 0.01)
(0.065 0.16 0.01)
(0.07 0.16 0.01)
(0.075 0.16 0.01)
(0.08 0.16 0.01)
(0.085 0.16 0.01)
(0.09 0.16 0.01)
(0.095 0.16 0.01)
(0.1 0.16 0.01)
(0 0.17 0.01)
(0.005 0.17 0.01)
(0.01 0.17 0.01)
(0.015 0.17 0.01)
(0.02 0.17 0.01)
(0.025 0.17 0.01)
(0.03 0.17 0.01)
(0.035 0.17 0.01)
(0.04 0.17 0.01)
(0.045 0.17 0.01)
(0.05 0.17 0.01)
(0.055 0.17 0.01)
(0.06 0.17 0.01)
(0.065 0.17 0.01)
(0.07 0.17 0.01)
(0.075 0.17 0.01)
(0.08 0.17 0.01)
(0.085 0.17 0.01)
(0.09 0.17 0.01)
(0.095 0.17 0.01)
(0.1 0.17 0.01)
(0 0.18 0.01)
(0.005 0.18 0.01)
(0.01 0.18 0.01)
(0.015 0.18 0.01)
(0.02 0.18 0.01)
(0.025 0.18 0.01)
(0.03 0.18 0.01)
(0.035 0.18 0.01)
(0.04 0.18 0.01)
(0.045 0.18 0.01)
(0.05 0.18 0.01)
(0.055 0.18 0.01)
(0.06 0.18 0.01)
(0.065 0.18 0.01)
(0.07 0.18 0.01)
(0.075 0.18 0.01)
(0.08 0.18 0.01)
(0.085 0.18 0.01)
(0.09 0.18 0.01)
(0.095 0.18 0.01)
(0.1 0.18 0.01)
(0 0.19 0.01)
(0.005 0.19 0.01)
(0.01 0.19 0.01)
(0.015 0.19 0.01)
(0.02 0.19 0.01)
(0.025 0.19 0.01)
(0.03 0.19 0.01)
(0.035 0.19 0.01)
(0.04 0.19 0.01)
(0.045 0.19 0.01)
(0.05 0.19 0.01)
(0.055 0.19 0.01)
(0.06 0.19 0.01)
(0.065 0.19 0.01)
(0.07 0.19 0.01)
(0.075 0.19 0.01)
(0.08 0.19 0.01)
(0.085 0.19 0.01)
(0.09 0.19 0.01)
(0.095 0.19 0.01)
(0.1 0.19 0.01)
(0 0.2 0.01)
(0.005 0.2 0.01)
(0.01 0.2 0.01)
(0.015 0.2 0.01)
(0.02 0.2 0.01)
(0.025 0.2 0.01)
(0.03 0.2 0.01)
(0.035 0.2 0.01)
(0.04 0.2 0.01)
(0.045 0.2 0.01)
(0.05 0.2 0.01)
(0.055 0.2 0.01)
(0.06 0.2 0.01)
(0.065 0.2 0.01)
(0.07 0.2 0.01)
(0.075 0.2 0.01)
(0.08 0.2 0.01)
(0.085 0.2 0.01)
(0.09 0.2 0.01)
(0.095 0.2 0.01)
(0.1 0.2 0.01)
)


// ************************************************************************* //
