0.00020114 -0.00020282 0.00000000
-0.00000319 0.00013908 0.00000000
-0.00128870 0.00050853 0.00000000
-0.00333786 0.00074381 0.00000000
-0.00581997 0.00086056 0.00000000
-0.00846685 0.00089042 0.00000000
-0.01105860 0.00085135 0.00000000
-0.01339630 0.00074627 0.00000000
-0.01527910 0.00056937 0.00000000
-0.01649940 0.00031612 0.00000000
-0.01686210 -0.00000650 0.00000000
-0.01622560 -0.00037339 0.00000000
-0.01455430 -0.00073411 0.00000000
-0.01196750 -0.00102151 0.00000000
-0.00876371 -0.00116449 0.00000000
-0.00540191 -0.00110908 0.00000000
-0.00242550 -0.00084148 0.00000000
-0.00033386 -0.00040699 0.00000000
0.00055601 0.00006872 0.00000000
0.00033805 0.00032069 0.00000000
-0.00014757 -0.00000808 0.00000000
-0.00175394 0.00168971 0.00000000
-0.00562023 0.00331259 0.00000000
-0.01101400 0.00438779 0.00000000
-0.01727150 0.00492844 0.00000000
-0.02383000 0.00501829 0.00000000
-0.03017070 0.00471303 0.00000000
-0.03580050 0.00402729 0.00000000
-0.04023480 0.00295522 0.00000000
-0.04300540 0.00150774 0.00000000
-0.04370870 -0.00024852 0.00000000
-0.04208070 -0.00216376 0.00000000
-0.03809420 -0.00399608 0.00000000
-0.03204380 -0.00543931 0.00000000
-0.02457660 -0.00618322 0.00000000
-0.01664950 -0.00600308 0.00000000
-0.00938032 -0.00485655 0.00000000
-0.00380058 -0.00295671 0.00000000
-0.00058579 -0.00082117 0.00000000
0.00018773 0.00058824 0.00000000
-0.00059912 0.00136825 0.00000000
-0.00378892 0.00567563 0.00000000
-0.01023740 0.00937528 0.00000000
-0.01866520 0.01182190 0.00000000
-0.02813260 0.01302560 0.00000000
-0.03789460 0.01311850 0.00000000
-0.04724110 0.01219650 0.00000000
-0.05548180 0.01029410 0.00000000
-0.06194130 0.00742441 0.00000000
-0.06597820 0.00365370 0.00000000
-0.06704740 -0.00082172 0.00000000
-0.06479620 -0.00562223 0.00000000
-0.05918010 -0.01017770 0.00000000
-0.05056710 -0.01378540 0.00000000
-0.03978950 -0.01574100 0.00000000
-0.02810750 -0.01553350 0.00000000
-0.01703840 -0.01305970 0.00000000
-0.00804446 -0.00878578 0.00000000
-0.00222622 -0.00380732 0.00000000
-0.00010986 0.00004062 0.00000000
-0.00100540 0.00385056 0.00000000
-0.00569969 0.01188510 0.00000000
-0.01462360 0.01821180 0.00000000
-0.02588020 0.02227790 0.00000000
-0.03825170 0.02419050 0.00000000
-0.05086010 0.02416340 0.00000000
-0.06287420 0.02234070 0.00000000
-0.07348060 0.01877760 0.00000000
-0.08187630 0.01351140 0.00000000
-0.08728890 0.00667804 0.00000000
-0.08904210 -0.00137106 0.00000000
-0.08665860 -0.00998865 0.00000000
-0.07999290 -0.01821330 0.00000000
-0.06936850 -0.02485730 0.00000000
-0.05567380 -0.02870510 0.00000000
-0.04037830 -0.02882750 0.00000000
-0.02538190 -0.02495230 0.00000000
-0.01266310 -0.01776170 0.00000000
-0.00393058 -0.00898317 0.00000000
-0.00037638 -0.00137558 0.00000000
-0.00135818 0.00732324 0.00000000
-0.00742102 0.02013750 0.00000000
-0.01863990 0.02957430 0.00000000
-0.03251630 0.03543270 0.00000000
-0.04756860 0.03805640 0.00000000
-0.06282030 0.03780340 0.00000000
-0.07737130 0.03488430 0.00000000
-0.09033980 0.02937240 0.00000000
-0.10084000 0.02131590 0.00000000
-0.10798800 0.01090180 0.00000000
-0.11095900 -0.00138158 0.00000000
-0.10908700 -0.01462390 0.00000000
-0.10201700 -0.02746000 0.00000000
-0.08988780 -0.03814850 0.00000000
-0.07350730 -0.04482420 0.00000000
-0.05446920 -0.04593700 0.00000000
-0.03508140 -0.04082770 0.00000000
-0.01800120 -0.03025240 0.00000000
-0.00581262 -0.01658340 0.00000000
-0.00062769 -0.00366675 0.00000000
-0.00166184 0.01167490 0.00000000
-0.00893468 0.03025290 0.00000000
-0.02221330 0.04327290 0.00000000
-0.03846240 0.05110640 0.00000000
-0.05597110 0.05447730 0.00000000
-0.07370000 0.05396330 0.00000000
-0.09072540 0.04986770 0.00000000
-0.10614600 0.04227450 0.00000000
-0.11903100 0.03121290 0.00000000
-0.12840200 0.01687210 0.00000000
-0.13326400 -0.00018194 0.00000000
-0.13270100 -0.01883010 0.00000000
-0.12603700 -0.03732450 0.00000000
-0.11306600 -0.05331820 0.00000000
-0.09433780 -0.06413130 0.00000000
-0.07143120 -0.06730130 0.00000000
-0.04704020 -0.06142000 0.00000000
-0.02467270 -0.04703180 0.00000000
-0.00815442 -0.02712740 0.00000000
-0.00092638 -0.00695513 0.00000000
-0.00191409 0.01678490 0.00000000
-0.01021120 0.04200100 0.00000000
-0.02525490 0.05904520 0.00000000
-0.04355880 0.06904900 0.00000000
-0.06322940 0.07325170 0.00000000
-0.08320180 0.07253040 0.00000000
-0.10257400 0.06731160 0.00000000
-0.12047200 0.05768090 0.00000000
-0.13597100 0.04360430 0.00000000
-0.14802700 0.02520080 0.00000000
-0.15547800 0.00301703 0.00000000
-0.15712700 -0.02172900 0.00000000
-0.15188200 -0.04697370 0.00000000
-0.13903200 -0.06976010 0.00000000
-0.11864400 -0.08643950 0.00000000
-0.09203910 -0.09327990 0.00000000
-0.06213870 -0.08758760 0.00000000
-0.03338940 -0.06917020 0.00000000
-0.01131270 -0.04146340 0.00000000
-0.00135247 -0.01154040 0.00000000
-0.00210654 0.02251330 0.00000000
-0.01120570 0.05509580 0.00000000
-0.02764670 0.07654390 0.00000000
-0.04758310 0.08890370 0.00000000
-0.06898570 0.09405420 0.00000000
-0.09080020 0.09325290 0.00000000
-0.11219100 0.08708610 0.00000000
-0.13236900 0.07563410 0.00000000
-0.15046900 0.05875320 0.00000000
-0.16544900 0.03640450 0.00000000
-0.17603700 0.00899053 0.00000000
-0.18076800 -0.02232090 0.00000000
-0.17810500 -0.05529650 0.00000000
-0.16670500 -0.08645210 0.00000000
-0.14590500 -0.11109500 0.00000000
-0.11640200 -0.12386800 0.00000000
-0.08096440 -0.12009300 0.00000000
-0.04483960 -0.09795420 0.00000000
-0.01569670 -0.06079710 0.00000000
-0.00200573 -0.01792990 0.00000000
-0.00223023 0.02869300 0.00000000
-0.01187370 0.06919130 0.00000000
-0.02926840 0.09532510 0.00000000
-0.05028770 0.11017400 0.00000000
-0.07280420 0.11637100 0.00000000
-0.09580440 0.11564100 0.00000000
-0.11856300 0.10877600 0.00000000
-0.14043500 0.09585630 0.00000000
-0.16069800 0.07659290 0.00000000
-0.17840300 0.05070600 0.00000000
-0.19228300 0.01832020 0.00000000
-0.20071300 -0.01962730 0.00000000
-0.20177100 -0.06095890 0.00000000
-0.19345200 -0.10187700 0.00000000
-0.17414900 -0.13673400 0.00000000
-0.14348700 -0.15832600 0.00000000
-0.10344600 -0.15922200 0.00000000
-0.05952670 -0.13465700 0.00000000
-0.02176260 -0.08665700 0.00000000
-0.00302092 -0.02686980 0.00000000
-0.00228590 0.03513690 0.00000000
-0.01220600 0.08389190 0.00000000
-0.03005870 0.11484400 0.00000000
-0.05148450 0.13219200 0.00000000
-0.07427950 0.13944000 0.00000000
-0.09749620 0.13887300 0.00000000
-0.12056200 0.13155200 0.00000000
-0.14303900 0.11758700 0.00000000
-0.16443700 0.09653100 0.00000000
-0.18403300 0.06780910 0.00000000
-0.20072600 0.03115430 0.00000000
-0.21293000 -0.01292030 0.00000000
-0.21853200 -0.06257840 0.00000000
-0.21497900 -0.11406500 0.00000000
-0.19963700 -0.16112000 0.00000000
-0.17065400 -0.19477000 0.00000000
-0.12838100 -0.20422400 0.00000000
-0.07749810 -0.18008600 0.00000000
-0.02999020 -0.12075500 0.00000000
-0.00459308 -0.03938530 0.00000000
-0.00229984 0.04167100 0.00000000
-0.01228030 0.09879950 0.00000000
-0.03010570 0.13448500 0.00000000
-0.05116820 0.15412200 0.00000000
-0.07319480 0.16222300 0.00000000
-0.09533420 0.16174700 0.00000000
-0.11721300 0.15410300 0.00000000
-0.13866500 0.13948200 0.00000000
-0.15952500 0.11731000 0.00000000
-0.17943100 0.08670760 0.00000000
-0.19765000 0.04695360 0.00000000
-0.21289300 -0.00202388 0.00000000
-0.22317400 -0.05904240 0.00000000
-0.22568500 -0.12085500 0.00000000
-0.21693300 -0.18121000 0.00000000
-0.19338400 -0.22990400 0.00000000
-0.15294000 -0.25269000 0.00000000
-0.09791910 -0.23387700 0.00000000
-0.04078990 -0.16466300 0.00000000
-0.00700601 -0.05682950 0.00000000
-0.00234826 0.04820370 0.00000000
-0.01233340 0.11360700 0.00000000
-0.02976010 0.15362300 0.00000000
-0.04965820 0.17499300 0.00000000
-0.06969500 0.18342800 0.00000000
-0.08917870 0.18269800 0.00000000
-0.10800300 0.17464800 0.00000000
-0.12633700 0.15962500 0.00000000
-0.14442100 0.13698800 0.00000000
-0.16237200 0.10560700 0.00000000
-0.18000000 0.06430970 0.00000000
-0.19660200 0.01236110 0.00000000
-0.21067600 -0.04994720 0.00000000
-0.21963100 -0.12039400 0.00000000
-0.21958200 -0.19357200 0.00000000
-0.20551900 -0.25912100 0.00000000
-0.17240300 -0.30009500 0.00000000
-0.11854800 -0.29359100 0.00000000
-0.05426040 -0.21919100 0.00000000
-0.01064220 -0.08090490 0.00000000
-0.00259882 0.05485170 0.00000000
-0.01286250 0.12824700 0.00000000
-0.02976130 0.17172400 0.00000000
-0.04772090 0.19375300 0.00000000
-0.06440830 0.20155800 0.00000000
-0.07943810 0.19987000 0.00000000
-0.09308530 0.19105200 0.00000000
-0.10593000 0.17566700 0.00000000
-0.11867100 0.15309100 0.00000000
-0.13196700 0.12203100 0.00000000
-0.14628200 0.08095410 0.00000000
-0.16167900 0.02849740 0.00000000
-0.17749900 -0.03602780 0.00000000
-0.19191500 -0.11183200 0.00000000
-0.20138000 -0.19521900 0.00000000
-0.20013500 -0.27716900 0.00000000
-0.18039800 -0.33986600 0.00000000
-0.13533200 -0.35390200 0.00000000
-0.06971560 -0.28333300 0.00000000
-0.01591910 -0.11355500 0.00000000
-0.00338812 0.06215800 0.00000000
-0.01477530 0.14308700 0.00000000
-0.03135390 0.18841700 0.00000000
-0.04659750 0.20929200 0.00000000
-0.05839240 0.21495200 0.00000000
-0.06696800 0.21122400 0.00000000
-0.07317120 0.20099800 0.00000000
-0.07807910 0.18507400 0.00000000
-0.08287290 0.16289800 0.00000000
-0.08874410 0.13311900 0.00000000
-0.09680220 0.09398550 0.00000000
-0.10792900 0.04366550 0.00000000
-0.12249800 -0.01941040 0.00000000
-0.13990700 -0.09598210 0.00000000
-0.15779300 -0.18468700 0.00000000
-0.17086700 -0.27942800 0.00000000
-0.16973500 -0.36430900 0.00000000
-0.14237600 -0.40639900 0.00000000
-0.08496540 -0.35290700 0.00000000
-0.02303950 -0.15651300 0.00000000
-0.00536280 0.07147270 0.00000000
-0.01960100 0.15913500 0.00000000
-0.03629960 0.20344700 0.00000000
-0.04772640 0.22032700 0.00000000
-0.05261120 0.22171600 0.00000000
-0.05236670 0.21454600 0.00000000
-0.04868560 0.20210700 0.00000000
-0.04323140 0.18534500 0.00000000
-0.03765280 0.16376400 0.00000000
-0.03359210 0.13602200 0.00000000
-0.03268660 0.10029700 0.00000000
-0.03652190 0.05452460 0.00000000
-0.04647600 -0.00343765 0.00000000
-0.06335530 -0.07556820 0.00000000
-0.08664930 -0.16291100 0.00000000
-0.11298200 -0.26343000 0.00000000
-0.13341600 -0.36633000 0.00000000
-0.13227100 -0.44049700 0.00000000
-0.09548260 -0.41953600 0.00000000
-0.03137340 -0.21046700 0.00000000
-0.00967725 0.08566110 0.00000000
-0.02962550 0.17810600 0.00000000
-0.04632800 0.21629800 0.00000000
-0.05141870 0.22496800 0.00000000
-0.04605400 0.21940400 0.00000000
-0.03373250 0.20728600 0.00000000
-0.01728430 0.19191200 0.00000000
0.00100607 0.17412100 0.00000000
0.01910920 0.15336000 0.00000000
0.03509130 0.12830000 0.00000000
0.04699370 0.09716480 0.00000000
0.05276350 0.05789690 0.00000000
0.05025720 0.00819479 0.00000000
0.03742820 -0.05454940 0.00000000
0.01275600 -0.13315600 0.00000000
-0.02338660 -0.22974600 0.00000000
-0.06513980 -0.34119300 0.00000000
-0.09642210 -0.44514100 0.00000000
-0.09380520 -0.47080700 0.00000000
-0.03831770 -0.27447600 0.00000000
-0.01799910 0.11054300 0.00000000
-0.04704130 0.20150700 0.00000000
-0.05999290 0.22437800 0.00000000
-0.05190460 0.21909700 0.00000000
-0.02991910 0.20383500 0.00000000
-0.00058593 0.18578700 0.00000000
0.03215120 0.16743200 0.00000000
0.06562440 0.14903500 0.00000000
0.09772320 0.12976700 0.00000000
0.12653100 0.10826200 0.00000000
0.15007200 0.08287070 0.00000000
0.16614900 0.05174940 0.00000000
0.17220000 0.01282430 0.00000000
0.16537800 -0.03644980 0.00000000
0.14256600 -0.09948350 0.00000000
0.10103400 -0.18130800 0.00000000
0.04142150 -0.28710700 0.00000000
-0.02479550 -0.40986500 0.00000000
-0.06951700 -0.49042100 0.00000000
-0.03770290 -0.34410600 0.00000000
-0.03075010 0.15694900 0.00000000
-0.06770970 0.22515700 0.00000000
-0.05909990 0.21562500 0.00000000
-0.02144240 0.19102800 0.00000000
0.02742210 0.16609100 0.00000000
0.07929040 0.14386300 0.00000000
0.13061600 0.12468700 0.00000000
0.17938700 0.10777600 0.00000000
0.22417200 0.09186380 0.00000000
0.26364900 0.07555590 0.00000000
0.29628900 0.05744130 0.00000000
0.32015900 0.03608690 0.00000000
0.33267500 0.00995554 0.00000000
0.33080200 -0.02285860 0.00000000
0.31053600 -0.06510810 0.00000000
0.26691300 -0.12229900 0.00000000
0.19537600 -0.20529400 0.00000000
0.09659730 -0.32605100 0.00000000
-0.00714958 -0.45542900 0.00000000
-0.01583050 -0.39776600 0.00000000
-0.02799870 0.22727200 0.00000000
-0.04176600 0.22420900 0.00000000
0.03727420 0.16576500 0.00000000
0.12577600 0.12708400 0.00000000
0.20551500 0.10063100 0.00000000
0.27615400 0.08099520 0.00000000
0.33878400 0.06614000 0.00000000
0.39395800 0.05452210 0.00000000
0.44194700 0.04471520 0.00000000
0.48266800 0.03551980 0.00000000
0.51550200 0.02593820 0.00000000
0.53922000 0.01509980 0.00000000
0.55167000 0.00216858 0.00000000
0.55041200 -0.01352780 0.00000000
0.53146000 -0.03373250 0.00000000
0.48910900 -0.06177130 0.00000000
0.41490700 -0.10710500 0.00000000
0.29579800 -0.19381700 0.00000000
0.13207300 -0.33299300 0.00000000
0.06711970 -0.36936200 0.00000000
0.26173200 0.13765600 0.00000000
0.32472100 0.11846400 0.00000000
0.45609500 0.07755600 0.00000000
0.56089800 0.05195460 0.00000000
0.63289400 0.03633280 0.00000000
0.68576900 0.02606050 0.00000000
0.72729400 0.01912250 0.00000000
0.76071900 0.01432900 0.00000000
0.78768000 0.01080030 0.00000000
0.80901900 0.00790025 0.00000000
0.82490400 0.00517243 0.00000000
0.83493800 0.00228702 0.00000000
0.83826000 -0.00105837 0.00000000
0.83344500 -0.00480758 0.00000000
0.81807500 -0.00959182 0.00000000
0.78876600 -0.01626970 0.00000000
0.73804600 -0.02732480 0.00000000
0.64812500 -0.05179410 0.00000000
0.47475100 -0.11140200 0.00000000
0.34158400 -0.15580800 0.00000000
