-0.00006748 0.00004996 0.00000000
-0.00083848 0.00041806 0.00000000
-0.00247726 0.00062700 0.00000000
-0.00442307 0.00070452 0.00000000
-0.00647227 0.00072943 0.00000000
-0.00854582 0.00073789 0.00000000
-0.01059680 0.00073567 0.00000000
-0.01256820 0.00071207 0.00000000
-0.01436630 0.00064730 0.00000000
-0.01584610 0.00051751 0.00000000
-0.01681170 0.00030114 0.00000000
-0.01703220 -0.00001234 0.00000000
-0.01629120 -0.00041411 0.00000000
-0.01446830 -0.00084232 0.00000000
-0.01163700 -0.00119627 0.00000000
-0.00814449 -0.00135426 0.00000000
-0.00459176 -0.00122598 0.00000000
-0.00167613 -0.00081316 0.00000000
0.00005004 -0.00023754 0.00000000
0.00028142 0.00021812 0.00000000
-0.00050048 0.00087064 0.00000000
-0.00264754 0.00247030 0.00000000
-0.00638625 0.00334953 0.00000000
-0.01072330 0.00371920 0.00000000
-0.01526440 0.00383923 0.00000000
-0.01982960 0.00383504 0.00000000
-0.02427750 0.00372852 0.00000000
-0.02844840 0.00347858 0.00000000
-0.03212360 0.00300966 0.00000000
-0.03500520 0.00223516 0.00000000
-0.03672470 0.00108526 0.00000000
-0.03688500 -0.00045482 0.00000000
-0.03512910 -0.00229573 0.00000000
-0.03128320 -0.00418221 0.00000000
-0.02552820 -0.00570489 0.00000000
-0.01850690 -0.00638636 0.00000000
-0.01130780 -0.00588223 0.00000000
-0.00520059 -0.00421573 0.00000000
-0.00120233 -0.00188261 0.00000000
0.00008518 0.00013652 0.00000000
-0.00082442 0.00277239 0.00000000
-0.00396805 0.00637735 0.00000000
-0.00915118 0.00827939 0.00000000
-0.01505030 0.00910992 0.00000000
-0.02117020 0.00936482 0.00000000
-0.02728730 0.00928419 0.00000000
-0.03321000 0.00891169 0.00000000
-0.03872290 0.00816522 0.00000000
-0.04354340 0.00689453 0.00000000
-0.04729820 0.00493210 0.00000000
-0.04953020 0.00215256 0.00000000
-0.04973820 -0.00144948 0.00000000
-0.04745660 -0.00565887 0.00000000
-0.04241700 -0.00992857 0.00000000
-0.03477800 -0.01337740 0.00000000
-0.02532260 -0.01496180 0.00000000
-0.01551180 -0.01390820 0.00000000
-0.00715741 -0.01026590 0.00000000
-0.00172180 -0.00516163 0.00000000
0.00006241 -0.00056269 0.00000000
-0.00101890 0.00526372 0.00000000
-0.00482128 0.01132940 0.00000000
-0.01099290 0.01440690 0.00000000
-0.01794360 0.01573870 0.00000000
-0.02511690 0.01612140 0.00000000
-0.03228460 0.01592760 0.00000000
-0.03925130 0.01522450 0.00000000
-0.04579570 0.01388470 0.00000000
-0.05162300 0.01167460 0.00000000
-0.05633070 0.00833035 0.00000000
-0.05940200 0.00364693 0.00000000
-0.06022660 -0.00240494 0.00000000
-0.05814040 -0.00953142 0.00000000
-0.05260380 -0.01687470 0.00000000
-0.04354490 -0.02296620 0.00000000
-0.03172990 -0.02593830 0.00000000
-0.01904140 -0.02427400 0.00000000
-0.00816780 -0.01795590 0.00000000
-0.00141884 -0.00908529 0.00000000
0.00034607 -0.00119017 0.00000000
-0.00112751 0.00812252 0.00000000
-0.00534378 0.01695950 0.00000000
-0.01217420 0.02131760 0.00000000
-0.01984500 0.02318250 0.00000000
-0.02777010 0.02371370 0.00000000
-0.03574700 0.02343940 0.00000000
-0.04361700 0.02245700 0.00000000
-0.05120160 0.02059320 0.00000000
-0.05824590 0.01751960 0.00000000
-0.06436650 0.01284550 0.00000000
-0.06901560 0.00622274 0.00000000
-0.07146020 -0.00249563 0.00000000
-0.07071960 -0.01303120 0.00000000
-0.06571320 -0.02434800 0.00000000
-0.05577760 -0.03427850 0.00000000
-0.04134190 -0.03970490 0.00000000
-0.02465760 -0.03769930 0.00000000
-0.00975127 -0.02777350 0.00000000
-0.00073607 -0.01350820 0.00000000
0.00090251 -0.00133495 0.00000000
-0.00117941 0.01120000 0.00000000
-0.00563719 0.02303550 0.00000000
-0.01289230 0.02877700 0.00000000
-0.02106270 0.03123640 0.00000000
-0.02956180 0.03199170 0.00000000
-0.03823950 0.03175700 0.00000000
-0.04701370 0.03067740 0.00000000
-0.05580200 0.02854030 0.00000000
-0.06445920 0.02491680 0.00000000
-0.07270480 0.01925490 0.00000000
-0.08003120 0.01097400 0.00000000
-0.08558680 -0.00036754 0.00000000
-0.08800250 -0.01474220 0.00000000
-0.08532000 -0.03125000 0.00000000
-0.07568390 -0.04700630 0.00000000
-0.05864400 -0.05709200 0.00000000
-0.03644150 -0.05602500 0.00000000
-0.01457540 -0.04168120 0.00000000
-0.00053951 -0.01938060 0.00000000
0.00164742 -0.00080121 0.00000000
-0.00118996 0.01438480 0.00000000
-0.00576172 0.02937640 0.00000000
-0.01326630 0.03660130 0.00000000
-0.02177050 0.03974440 0.00000000
-0.03070990 0.04085140 0.00000000
-0.04001060 0.04086200 0.00000000
-0.04970690 0.04000040 0.00000000
-0.05987530 0.03804260 0.00000000
-0.07057420 0.03447550 0.00000000
-0.08176110 0.02857460 0.00000000
-0.09312540 0.01943230 0.00000000
-0.10376500 0.00602658 0.00000000
-0.11184400 -0.01241890 0.00000000
-0.11411500 -0.03552370 0.00000000
-0.10685000 -0.05994500 0.00000000
-0.08819070 -0.07843790 0.00000000
-0.05962420 -0.08159080 0.00000000
-0.02713900 -0.06336080 0.00000000
-0.00250085 -0.02926810 0.00000000
0.00254792 0.00001585 0.00000000
-0.00116605 0.01758970 0.00000000
-0.00574649 0.03583780 0.00000000
-0.01335040 0.04463590 0.00000000
-0.02203050 0.04856300 0.00000000
-0.03125690 0.05018020 0.00000000
-0.04104840 0.05070300 0.00000000
-0.05159100 0.05048810 0.00000000
-0.06318400 0.04935870 0.00000000
-0.07619560 0.04677610 0.00000000
-0.09098100 0.04186490 0.00000000
-0.10763400 0.03327680 0.00000000
-0.12535700 0.01898150 0.00000000
-0.14155100 -0.00340704 0.00000000
-0.15128100 -0.03462220 0.00000000
-0.14884300 -0.07113970 0.00000000
-0.13098300 -0.10302800 0.00000000
-0.09757730 -0.11608100 0.00000000
-0.05266770 -0.09773320 0.00000000
-0.01007980 -0.04827640 0.00000000
0.00311260 -0.00041738 0.00000000
-0.00111138 0.02073890 0.00000000
-0.00560559 0.04229150 0.00000000
-0.01316280 0.05272810 0.00000000
-0.02183730 0.05752270 0.00000000
-0.03113110 0.05980030 0.00000000
-0.04115800 0.06111520 0.00000000
-0.05227270 0.06203340 0.00000000
-0.06503730 0.06252010 0.00000000
-0.08019910 0.06210930 0.00000000
-0.09861240 0.05980660 0.00000000
-0.12089100 0.05363260 0.00000000
-0.14632900 0.03996140 0.00000000
-0.17120000 0.01391290 0.00000000
-0.18886800 -0.02725380 0.00000000
-0.19281900 -0.07917610 0.00000000
-0.17940000 -0.12921600 0.00000000
-0.14614900 -0.15902400 0.00000000
-0.09263420 -0.14861400 0.00000000
-0.02895400 -0.08492040 0.00000000
0.00197026 -0.00593123 0.00000000
-0.00103322 0.02376470 0.00000000
-0.00536023 0.04861640 0.00000000
-0.01272600 0.06070910 0.00000000
-0.02117750 0.06639750 0.00000000
-0.03022790 0.06942040 0.00000000
-0.04006390 0.07174100 0.00000000
-0.05118480 0.07422300 0.00000000
-0.06438360 0.07708250 0.00000000
-0.08072980 0.08001750 0.00000000
-0.10146600 0.08186990 0.00000000
-0.12755900 0.07966700 0.00000000
-0.15826700 0.06753890 0.00000000
-0.18898400 0.03773530 0.00000000
-0.21179300 -0.01416800 0.00000000
-0.22167400 -0.08312770 0.00000000
-0.21619700 -0.15336600 0.00000000
-0.19044200 -0.20558200 0.00000000
-0.13881500 -0.21439800 0.00000000
-0.06357880 -0.14839900 0.00000000
-0.00421911 -0.02382210 0.00000000
-0.00095023 0.02661980 0.00000000
-0.00506486 0.05470930 0.00000000
-0.01211520 0.06839650 0.00000000
-0.02010200 0.07489680 0.00000000
-0.02851130 0.07861240 0.00000000
-0.03755350 0.08197600 0.00000000
-0.04779110 0.08621590 0.00000000
-0.06010690 0.09186350 0.00000000
-0.07565780 0.09878810 0.00000000
-0.09573550 0.10550100 0.00000000
-0.12129800 0.10766500 0.00000000
-0.15143600 0.09698130 0.00000000
-0.18153200 0.06356240 0.00000000
-0.20502800 0.00269759 0.00000000
-0.21878900 -0.07957470 0.00000000
-0.22228600 -0.16716600 0.00000000
-0.21036500 -0.24354800 0.00000000
-0.17307700 -0.28253500 0.00000000
-0.10498000 -0.23542200 0.00000000
-0.01904970 -0.06237820 0.00000000
-0.00090197 0.02930650 0.00000000
-0.00483620 0.06051950 0.00000000
-0.01150900 0.07562070 0.00000000
-0.01880030 0.08268680 0.00000000
-0.02612560 0.08683230 0.00000000
-0.03365840 0.09098760 0.00000000
-0.04190320 0.09674770 0.00000000
-0.05161630 0.10492700 0.00000000
-0.06371850 0.11547200 0.00000000
-0.07917980 0.12642800 0.00000000
-0.09877060 0.13215800 0.00000000
-0.12180400 0.12261200 0.00000000
-0.14475200 0.08709560 0.00000000
-0.16359300 0.02188850 0.00000000
-0.17803900 -0.06564070 0.00000000
-0.18974400 -0.16283200 0.00000000
-0.19379100 -0.25840600 0.00000000
-0.17776100 -0.33212500 0.00000000
-0.13032900 -0.32512200 0.00000000
-0.03833100 -0.13111600 0.00000000
-0.00096213 0.03192550 0.00000000
-0.00488640 0.06610550 0.00000000
-0.01123720 0.08226880 0.00000000
-0.01766260 0.08943650 0.00000000
-0.02348580 0.09349370 0.00000000
-0.02881490 0.09784520 0.00000000
-0.03399870 0.10436900 0.00000000
-0.03949020 0.11403700 0.00000000
-0.04575840 0.12676000 0.00000000
-0.05329940 0.14020000 0.00000000
-0.06281830 0.14802500 0.00000000
-0.07443910 0.13959100 0.00000000
-0.08656970 0.10457800 0.00000000
-0.09789630 0.04035060 0.00000000
-0.11045300 -0.04521760 0.00000000
-0.12769800 -0.14231700 0.00000000
-0.14598100 -0.24668800 0.00000000
-0.15110900 -0.34999700 0.00000000
-0.12861500 -0.39530100 0.00000000
-0.04783110 -0.22710400 0.00000000
-0.00126125 0.03475240 0.00000000
-0.00556842 0.07171510 0.00000000
-0.01182570 0.08834260 0.00000000
-0.01730690 0.09488120 0.00000000
-0.02129640 0.09808080 0.00000000
-0.02389520 0.10174500 0.00000000
-0.02529060 0.10788100 0.00000000
-0.02559630 0.11745800 0.00000000
-0.02483070 0.13029400 0.00000000
-0.02307860 0.14393800 0.00000000
-0.02114510 0.15229400 0.00000000
-0.02021200 0.14526500 0.00000000
-0.02092300 0.11317300 0.00000000
-0.02453700 0.05384020 0.00000000
-0.03477620 -0.02493610 0.00000000
-0.05505080 -0.11461600 0.00000000
-0.08394420 -0.21741500 0.00000000
-0.10622000 -0.33951200 0.00000000
-0.10908300 -0.43637600 0.00000000
-0.04197390 -0.32321100 0.00000000
-0.00202950 0.03836150 0.00000000
-0.00744723 0.07783770 0.00000000
-0.01404410 0.09391890 0.00000000
-0.01856800 0.09880260 0.00000000
-0.02046790 0.10021700 0.00000000
-0.02003310 0.10220100 0.00000000
-0.01738020 0.10669600 0.00000000
-0.01237240 0.11452200 0.00000000
-0.00475563 0.12534800 0.00000000
0.00570438 0.13718100 0.00000000
0.01814060 0.14465400 0.00000000
0.03028560 0.13917800 0.00000000
0.03944950 0.11201500 0.00000000
0.04266980 0.06066380 0.00000000
0.03494370 -0.00835902 0.00000000
0.01377460 -0.08596490 0.00000000
-0.02140910 -0.18031400 0.00000000
-0.05514970 -0.31159200 0.00000000
-0.08254150 -0.45299900 0.00000000
-0.02810930 -0.40333400 0.00000000
-0.00371237 0.04401980 0.00000000
-0.01148050 0.08560580 0.00000000
-0.01898040 0.09946610 0.00000000
-0.02238930 0.10117000 0.00000000
-0.02189700 0.09971470 0.00000000
-0.01830110 0.09907260 0.00000000
-0.01175210 0.10084000 0.00000000
-0.00203258 0.10555200 0.00000000
0.01145760 0.11290600 0.00000000
0.02892320 0.12135900 0.00000000
0.04922900 0.12677500 0.00000000
0.06974300 0.12265400 0.00000000
0.08640930 0.10199900 0.00000000
0.09468540 0.06194520 0.00000000
0.09057450 0.00664191 0.00000000
0.07143950 -0.05775070 0.00000000
0.03471310 -0.14151600 0.00000000
-0.00345551 -0.27543100 0.00000000
-0.05346530 -0.45258900 0.00000000
-0.00994306 -0.46777800 0.00000000
-0.00720211 0.05366410 0.00000000
-0.01936960 0.09513080 0.00000000
-0.02814440 0.10340100 0.00000000
-0.02987920 0.10087900 0.00000000
-0.02640980 0.09620390 0.00000000
-0.01943660 0.09254460 0.00000000
-0.00918606 0.09100240 0.00000000
0.00468582 0.09186960 0.00000000
0.02270620 0.09504490 0.00000000
0.04494730 0.09924670 0.00000000
0.07030820 0.10189300 0.00000000
0.09622050 0.09866230 0.00000000
0.11838300 0.08475960 0.00000000
0.13186700 0.05725760 0.00000000
0.13198300 0.01781650 0.00000000
0.11731500 -0.03337280 0.00000000
0.08404290 -0.10677800 0.00000000
0.04944630 -0.23688600 0.00000000
-0.01796300 -0.43462000 0.00000000
0.01712250 -0.50374400 0.00000000
-0.01427760 0.06576590 0.00000000
-0.03418550 0.11255800 0.00000000
-0.04635370 0.11271200 0.00000000
-0.04230090 0.10051300 0.00000000
-0.03160000 0.09011420 0.00000000
-0.01758520 0.08231280 0.00000000
-0.00074061 0.07691910 0.00000000
0.01909070 0.07375780 0.00000000
0.04211070 0.07266170 0.00000000
0.06837200 0.07276900 0.00000000
0.09697720 0.07272710 0.00000000
0.12638400 0.06995860 0.00000000
0.15270400 0.06184920 0.00000000
0.17275200 0.04562370 0.00000000
0.17996600 0.02095490 0.00000000
0.17560200 -0.01572760 0.00000000
0.14918000 -0.07523170 0.00000000
0.12161300 -0.18809700 0.00000000
0.04401930 -0.38092200 0.00000000
0.06719960 -0.48624000 0.00000000
-0.08274200 0.14021100 0.00000000
-0.08062140 0.11722800 0.00000000
-0.04681530 0.08669420 0.00000000
-0.01046270 0.07244170 0.00000000
0.02525910 0.06265980 0.00000000
0.05884360 0.05473460 0.00000000
0.09092890 0.04854880 0.00000000
0.12235600 0.04408170 0.00000000
0.15319500 0.04125420 0.00000000
0.18478200 0.03944160 0.00000000
0.21574100 0.03829400 0.00000000
0.24777200 0.03637300 0.00000000
0.27556200 0.03295770 0.00000000
0.30204700 0.02582610 0.00000000
0.31475000 0.01429430 0.00000000
0.32166400 -0.00589735 0.00000000
0.29720200 -0.04275520 0.00000000
0.27338000 -0.11707400 0.00000000
0.17672200 -0.26396600 0.00000000
0.16168200 -0.37460700 0.00000000
0.18154600 0.12242300 0.00000000
0.21856800 0.09902480 0.00000000
0.29993000 0.07117550 0.00000000
0.36956800 0.05392200 0.00000000
0.42299700 0.04274970 0.00000000
0.46596300 0.03464590 0.00000000
0.50188800 0.02851330 0.00000000
0.53405700 0.02375900 0.00000000
0.56196400 0.02025810 0.00000000
0.58922100 0.01750360 0.00000000
0.61237600 0.01555710 0.00000000
0.63741500 0.01372510 0.00000000
0.65512600 0.01218650 0.00000000
0.67616000 0.00988989 0.00000000
0.68031200 0.00702757 0.00000000
0.68738500 0.00155535 0.00000000
0.65453200 -0.00782375 0.00000000
0.62046000 -0.02818230 0.00000000
0.48229500 -0.06817780 0.00000000
0.36389300 -0.12489600 0.00000000
