0.00004000 -0.00005189 0.00000000
-0.00050708 0.00030168 0.00000000
-0.00198144 0.00056007 0.00000000
-0.00388589 0.00067788 0.00000000
-0.00597244 0.00072026 0.00000000
-0.00810547 0.00072758 0.00000000
-0.01019370 0.00071076 0.00000000
-0.01214370 0.00066088 0.00000000
-0.01382670 0.00055801 0.00000000
-0.01506630 0.00038023 0.00000000
-0.01565020 0.00011422 0.00000000
-0.01536400 -0.00023381 0.00000000
-0.01406250 -0.00062307 0.00000000
-0.01176000 -0.00097393 0.00000000
-0.00869798 -0.00118399 0.00000000
-0.00535724 -0.00116421 0.00000000
-0.00236123 -0.00088732 0.00000000
-0.00027458 -0.00042494 0.00000000
0.00056286 0.00004477 0.00000000
0.00032166 0.00029065 0.00000000
-0.00036011 0.00052266 0.00000000
-0.00228024 0.00213517 0.00000000
-0.00599430 0.00323452 0.00000000
-0.01056600 0.00378688 0.00000000
-0.01550270 0.00399500 0.00000000
-0.02051290 0.00398996 0.00000000
-0.02535510 0.00380788 0.00000000
-0.02977760 0.00341445 0.00000000
-0.03347380 0.00273749 0.00000000
-0.03606780 0.00170526 0.00000000
-0.03714730 0.00029071 0.00000000
-0.03632920 -0.00144055 0.00000000
-0.03338050 -0.00328934 0.00000000
-0.02837280 -0.00491252 0.00000000
-0.02179210 -0.00588802 0.00000000
-0.01455960 -0.00585817 0.00000000
-0.00787670 -0.00472009 0.00000000
-0.00287617 -0.00276594 0.00000000
-0.00020612 -0.00068194 0.00000000
0.00025351 0.00058731 0.00000000
-0.00073582 0.00221342 0.00000000
-0.00385951 0.00601875 0.00000000
-0.00939401 0.00844644 0.00000000
-0.01599950 0.00969941 0.00000000
-0.02302840 0.01016250 0.00000000
-0.03010970 0.01007670 0.00000000
-0.03691500 0.00950672 0.00000000
-0.04309640 0.00838244 0.00000000
-0.04824220 0.00656453 0.00000000
-0.05186230 0.00392480 0.00000000
-0.05342200 0.00043814 0.00000000
-0.05242020 -0.00371932 0.00000000
-0.04852440 -0.00809601 0.00000000
-0.04176130 -0.01193660 0.00000000
-0.03268940 -0.01431120 0.00000000
-0.02248130 -0.01441200 0.00000000
-0.01278380 -0.01197670 0.00000000
-0.00525855 -0.00762126 0.00000000
-0.00093124 -0.00282149 0.00000000
0.00018176 0.00041301 0.00000000
-0.00101070 0.00467974 0.00000000
-0.00508499 0.01134730 0.00000000
-0.01209110 0.01537090 0.00000000
-0.02030890 0.01742030 0.00000000
-0.02897280 0.01814680 0.00000000
-0.03768300 0.01792550 0.00000000
-0.04608480 0.01685140 0.00000000
-0.05380020 0.01481210 0.00000000
-0.06037560 0.01158980 0.00000000
-0.06525480 0.00698419 0.00000000
-0.06779430 0.00095131 0.00000000
-0.06732720 -0.00624533 0.00000000
-0.06328960 -0.01390480 0.00000000
-0.05546520 -0.02079030 0.00000000
-0.04428590 -0.02530050 0.00000000
-0.03106450 -0.02593020 0.00000000
-0.01797020 -0.02203800 0.00000000
-0.00747906 -0.01455800 0.00000000
-0.00132720 -0.00605499 0.00000000
0.00026308 0.00002642 0.00000000
-0.00120688 0.00773424 0.00000000
-0.00600882 0.01779760 0.00000000
-0.01418210 0.02362330 0.00000000
-0.02369730 0.02653970 0.00000000
-0.03370990 0.02755800 0.00000000
-0.04383420 0.02722390 0.00000000
-0.05374820 0.02567290 0.00000000
-0.06311010 0.02274470 0.00000000
-0.07148860 0.01812180 0.00000000
-0.07830230 0.01148350 0.00000000
-0.08278890 0.00268678 0.00000000
-0.08402720 -0.00802164 0.00000000
-0.08102000 -0.01978680 0.00000000
-0.07301510 -0.03086300 0.00000000
-0.06002490 -0.03876790 0.00000000
-0.04330860 -0.04087500 0.00000000
-0.02562170 -0.03567030 0.00000000
-0.01071720 -0.02419970 0.00000000
-0.00174887 -0.01052870 0.00000000
0.00047304 -0.00038367 0.00000000
-0.00134288 0.01122840 0.00000000
-0.00668477 0.02512920 0.00000000
-0.01576360 0.03295730 0.00000000
-0.02632800 0.03684570 0.00000000
-0.03749950 0.03825600 0.00000000
-0.04895120 0.03795380 0.00000000
-0.06045470 0.03613680 0.00000000
-0.07177940 0.03259640 0.00000000
-0.08259210 0.02688180 0.00000000
-0.09233930 0.01846590 0.00000000
-0.10013600 0.00694969 0.00000000
-0.10471200 -0.00764691 0.00000000
-0.10439900 -0.02449970 0.00000000
-0.09755050 -0.04141430 0.00000000
-0.08338520 -0.05480040 0.00000000
-0.06274380 -0.06030920 0.00000000
-0.03878330 -0.05466280 0.00000000
-0.01690510 -0.03831680 0.00000000
-0.00288554 -0.01720700 0.00000000
0.00072414 -0.00090853 0.00000000
-0.00142689 0.01503210 0.00000000
-0.00714154 0.03311950 0.00000000
-0.01688890 0.04314440 0.00000000
-0.02828000 0.04815210 0.00000000
-0.04044560 0.05014020 0.00000000
-0.05316210 0.05015420 0.00000000
-0.06635790 0.04849180 0.00000000
-0.07999350 0.04490470 0.00000000
-0.09392220 0.03876700 0.00000000
-0.10769100 0.02921850 0.00000000
-0.12030200 0.01535530 0.00000000
-0.13004600 -0.00335855 0.00000000
-0.13438800 -0.02630500 0.00000000
-0.13051000 -0.05114630 0.00000000
-0.11649500 -0.07299320 0.00000000
-0.09226580 -0.08515510 0.00000000
-0.06072600 -0.08137460 0.00000000
-0.02863600 -0.05990710 0.00000000
-0.00575632 -0.02817430 0.00000000
0.00090364 -0.00201460 0.00000000
-0.00146034 0.01902440 0.00000000
-0.00738518 0.04155650 0.00000000
-0.01756350 0.05395760 0.00000000
-0.02953850 0.06026060 0.00000000
-0.04248340 0.06308050 0.00000000
-0.05631200 0.06381580 0.00000000
-0.07116060 0.06291840 0.00000000
-0.08724940 0.06012060 0.00000000
-0.10469700 0.05457450 0.00000000
-0.12322800 0.04493010 0.00000000
-0.14175400 0.02949390 0.00000000
-0.15795300 0.00677848 0.00000000
-0.16851400 -0.02332930 0.00000000
-0.16956900 -0.05836150 0.00000000
-0.15784800 -0.09216320 0.00000000
-0.13194200 -0.11543600 0.00000000
-0.09338310 -0.11787700 0.00000000
-0.04873940 -0.09294560 0.00000000
-0.01191380 -0.04695350 0.00000000
0.00080455 -0.00474925 0.00000000
-0.00144249 0.02308380 0.00000000
-0.00741136 0.05022350 0.00000000
-0.01776330 0.06514500 0.00000000
-0.03002000 0.07291070 0.00000000
-0.04340740 0.07683160 0.00000000
-0.05798370 0.07874010 0.00000000
-0.07410780 0.07930830 0.00000000
-0.09227710 0.07827240 0.00000000
-0.11288900 0.07450110 0.00000000
-0.13584900 0.06596800 0.00000000
-0.16001400 0.04988600 0.00000000
-0.18270400 0.02344880 0.00000000
-0.19988800 -0.01454430 0.00000000
-0.20706600 -0.06149080 0.00000000
-0.20026300 -0.11026500 0.00000000
-0.17652600 -0.14940400 0.00000000
-0.13477900 -0.16436200 0.00000000
-0.07878930 -0.14107700 0.00000000
-0.02377710 -0.07867390 0.00000000
-0.00013821 -0.01115640 0.00000000
-0.00137793 0.02708730 0.00000000
-0.00722952 0.05889280 0.00000000
-0.01747790 0.07640660 0.00000000
-0.02963440 0.08573050 0.00000000
-0.04295560 0.09094240 0.00000000
-0.05760900 0.09438700 0.00000000
-0.07412740 0.09701500 0.00000000
-0.09321960 0.09857560 0.00000000
-0.11548600 0.09757750 0.00000000
-0.14096700 0.09114070 0.00000000
-0.16854100 0.07516900 0.00000000
-0.19546600 0.04545680 0.00000000
-0.21762300 -0.00010476 0.00000000
-0.23080100 -0.05918440 0.00000000
-0.23120500 -0.12408900 0.00000000
-0.21466800 -0.18254500 0.00000000
-0.17679400 -0.21697400 0.00000000
-0.11620200 -0.20464100 0.00000000
-0.04424580 -0.12941100 0.00000000
-0.00328148 -0.02495650 0.00000000
-0.00128708 0.03092800 0.00000000
-0.00689824 0.06734320 0.00000000
-0.01677640 0.08739760 0.00000000
-0.02838560 0.09821640 0.00000000
-0.04095720 0.10470400 0.00000000
-0.05468960 0.10977700 0.00000000
-0.07017620 0.11469100 0.00000000
-0.08818820 0.11920000 0.00000000
-0.10938600 0.12139900 0.00000000
-0.13388800 0.11751300 0.00000000
-0.16074900 0.10221500 0.00000000
-0.18764700 0.07020110 0.00000000
-0.21133800 0.01878520 0.00000000
-0.22871300 -0.05002280 0.00000000
-0.23712200 -0.12908100 0.00000000
-0.23208200 -0.20713600 0.00000000
-0.20615900 -0.26628500 0.00000000
-0.15210100 -0.27693500 0.00000000
-0.07352040 -0.20225500 0.00000000
-0.01068630 -0.05164410 0.00000000
-0.00122040 0.03455720 0.00000000
-0.00657020 0.07541390 0.00000000
-0.01588900 0.09776790 0.00000000
-0.02649580 0.10976200 0.00000000
-0.03752600 0.11718000 0.00000000
-0.04912010 0.12353100 0.00000000
-0.06179640 0.13036900 0.00000000
-0.07622260 0.13743200 0.00000000
-0.09298890 0.14244400 0.00000000
-0.11231100 0.14091800 0.00000000
-0.13366100 0.12670200 0.00000000
-0.15563800 0.09394550 0.00000000
-0.17651200 0.03984110 0.00000000
-0.19499200 -0.03382310 0.00000000
-0.21028900 -0.12159800 0.00000000
-0.21841400 -0.21503000 0.00000000
-0.21029900 -0.29958000 0.00000000
-0.17379700 -0.34361000 0.00000000
-0.10430600 -0.29029600 0.00000000
-0.02343540 -0.09682390 0.00000000
-0.00127900 0.03805770 0.00000000
-0.00654664 0.08309580 0.00000000
-0.01528980 0.10724000 0.00000000
-0.02451860 0.11974000 0.00000000
-0.03323030 0.12733500 0.00000000
-0.04147330 0.13410700 0.00000000
-0.04961310 0.14186300 0.00000000
-0.05812060 0.15033200 0.00000000
-0.06747980 0.15703000 0.00000000
-0.07809730 0.15714100 0.00000000
-0.09011260 0.14427100 0.00000000
-0.10336000 0.11259400 0.00000000
-0.11784000 0.05952780 0.00000000
-0.13421400 -0.01331200 0.00000000
-0.15355300 -0.10230000 0.00000000
-0.17327400 -0.20308700 0.00000000
-0.18437900 -0.30776700 0.00000000
-0.17168700 -0.38896400 0.00000000
-0.12389700 -0.37672200 0.00000000
-0.03851170 -0.16347600 0.00000000
-0.00165063 0.04176070 0.00000000
-0.00735036 0.09065820 0.00000000
-0.01577270 0.11570200 0.00000000
-0.02339560 0.12761400 0.00000000
-0.02913750 0.13422500 0.00000000
-0.03305090 0.14014300 0.00000000
-0.03539120 0.14734800 0.00000000
-0.03645970 0.15559800 0.00000000
-0.03669090 0.16243500 0.00000000
-0.03678640 0.16319500 0.00000000
-0.03769020 0.15182800 0.00000000
-0.04053260 0.12289700 0.00000000
-0.04684330 0.07409600 0.00000000
-0.05891850 0.00686598 0.00000000
-0.07903150 -0.07629800 0.00000000
-0.10642200 -0.17553600 0.00000000
-0.13366800 -0.29090300 0.00000000
-0.14479800 -0.40492600 0.00000000
-0.12434500 -0.44527500 0.00000000
-0.04847620 -0.24803100 0.00000000
-0.00268481 0.04644860 0.00000000
-0.00984963 0.09880040 0.00000000
-0.01852570 0.12325900 0.00000000
-0.02442740 0.13298700 0.00000000
-0.02667210 0.13714000 0.00000000
-0.02560030 0.14072900 0.00000000
-0.02151550 0.14578900 0.00000000
-0.01465970 0.15213600 0.00000000
-0.00550131 0.15759500 0.00000000
0.00494960 0.15807400 0.00000000
0.01497410 0.14826400 0.00000000
0.02224560 0.12338500 0.00000000
0.02403570 0.08130120 0.00000000
0.01738380 0.02301830 0.00000000
-0.00070390 -0.04985120 0.00000000
-0.03096790 -0.14051300 0.00000000
-0.06829890 -0.25646500 0.00000000
-0.09860490 -0.39336600 0.00000000
-0.10683500 -0.48805600 0.00000000
-0.04773060 -0.33950900 0.00000000
-0.00507198 0.05377460 0.00000000
-0.01552250 0.10880100 0.00000000
-0.02524820 0.13013500 0.00000000
-0.02914730 0.13549300 0.00000000
-0.02727350 0.13556200 0.00000000
-0.02073940 0.13542700 0.00000000
-0.01009530 0.13696400 0.00000000
0.00437945 0.14005200 0.00000000
0.02213660 0.14296700 0.00000000
0.04187540 0.14245200 0.00000000
0.06136940 0.13424500 0.00000000
0.07756140 0.11441200 0.00000000
0.08694440 0.08090460 0.00000000
0.08623770 0.03389270 0.00000000
0.07249380 -0.02654940 0.00000000
0.04454770 -0.10504700 0.00000000
0.00438034 -0.21357400 0.00000000
-0.03805790 -0.36082000 0.00000000
-0.07524440 -0.50331300 0.00000000
-0.03565770 -0.42439200 0.00000000
-0.01032840 0.06703570 0.00000000
-0.02710270 0.12241800 0.00000000
-0.03830990 0.13628800 0.00000000
-0.03872260 0.13462100 0.00000000
-0.03105240 0.12909300 0.00000000
-0.01787580 0.12418600 0.00000000
-0.00015492 0.12131100 0.00000000
0.02170830 0.12036000 0.00000000
0.04707530 0.12006100 0.00000000
0.07459010 0.11806400 0.00000000
0.10197600 0.11131400 0.00000000
0.12608400 0.09677810 0.00000000
0.14317000 0.07250200 0.00000000
0.14996100 0.03761300 0.00000000
0.14321800 -0.00917527 0.00000000
0.12198900 -0.07353760 0.00000000
0.08513970 -0.16830800 0.00000000
0.03769210 -0.31173400 0.00000000
-0.02871460 -0.48695400 0.00000000
-0.01044100 -0.48431000 0.00000000
-0.02225130 0.09207880 0.00000000
-0.05011680 0.14222700 0.00000000
-0.05851030 0.14060700 0.00000000
-0.04633670 0.12691600 0.00000000
-0.02535530 0.11404000 0.00000000
-0.00013055 0.10396900 0.00000000
0.02818690 0.09678800 0.00000000
0.05921820 0.09207730 0.00000000
0.09249970 0.08884790 0.00000000
0.12713600 0.08551550 0.00000000
0.16139200 0.08011980 0.00000000
0.19289000 0.07050510 0.00000000
0.21809000 0.05507200 0.00000000
0.23429800 0.03231780 0.00000000
0.23660500 0.00031919 0.00000000
0.22463000 -0.04678620 0.00000000
0.19178000 -0.12001400 0.00000000
0.14195200 -0.24201200 0.00000000
0.04589820 -0.42407300 0.00000000
0.03854180 -0.48656500 0.00000000
-0.06503580 0.17129800 0.00000000
-0.07592760 0.15152500 0.00000000
-0.02805450 0.11122100 0.00000000
0.02325940 0.09057840 0.00000000
0.07194440 0.07665930 0.00000000
0.11753800 0.06590410 0.00000000
0.16073200 0.05787930 0.00000000
0.20228400 0.05224060 0.00000000
0.24262700 0.04830530 0.00000000
0.28206500 0.04508500 0.00000000
0.31971900 0.04155340 0.00000000
0.35491500 0.03642240 0.00000000
0.38411700 0.02872550 0.00000000
0.40669600 0.01717130 0.00000000
0.41390400 0.00035731 0.00000000
0.40827200 -0.02493090 0.00000000
0.37263600 -0.06664270 0.00000000
0.31563600 -0.14389200 0.00000000
0.18642400 -0.29149700 0.00000000
0.13917900 -0.38723700 0.00000000
0.21292000 0.12921900 0.00000000
0.25440200 0.10625100 0.00000000
0.35192500 0.07395070 0.00000000
0.43340000 0.05406980 0.00000000
0.49378500 0.04146370 0.00000000
0.54115300 0.03253800 0.00000000
0.58076700 0.02600310 0.00000000
0.61533400 0.02125850 0.00000000
0.64606600 0.01784380 0.00000000
0.67427800 0.01528790 0.00000000
0.69944700 0.01317970 0.00000000
0.72248100 0.01109680 0.00000000
0.73978700 0.00857360 0.00000000
0.75336600 0.00534076 0.00000000
0.75353000 0.00049375 0.00000000
0.74665100 -0.00587099 0.00000000
0.70581000 -0.01735110 0.00000000
0.64832400 -0.03713380 0.00000000
0.49157100 -0.08292810 0.00000000
0.36521200 -0.13933300 0.00000000
