0.00025341 -0.00025046 0.00000000
0.00014121 0.00011142 0.00000000
-0.00117704 0.00056462 0.00000000
-0.00348128 0.00088502 0.00000000
-0.00637780 0.00104575 0.00000000
-0.00946996 0.00106179 0.00000000
-0.01240360 0.00095789 0.00000000
-0.01488570 0.00076047 0.00000000
-0.01669040 0.00049467 0.00000000
-0.01765930 0.00018457 0.00000000
-0.01770310 -0.00014528 0.00000000
-0.01680600 -0.00046839 0.00000000
-0.01503090 -0.00075545 0.00000000
-0.01252580 -0.00097432 0.00000000
-0.00952688 -0.00109125 0.00000000
-0.00635528 -0.00107406 0.00000000
-0.00340079 -0.00089817 0.00000000
-0.00108647 -0.00055641 0.00000000
0.00019645 -0.00009037 0.00000000
0.00026787 0.00026240 0.00000000
-0.00007747 -0.00016939 0.00000000
-0.00161166 0.00164490 0.00000000
-0.00569325 0.00361750 0.00000000
-0.01171960 0.00503512 0.00000000
-0.01889350 0.00574358 0.00000000
-0.02640250 0.00576057 0.00000000
-0.03347140 0.00517200 0.00000000
-0.03942950 0.00409277 0.00000000
-0.04374700 0.00264780 0.00000000
-0.04605030 0.00096697 0.00000000
-0.04613260 -0.00081330 0.00000000
-0.04396440 -0.00254726 0.00000000
-0.03970390 -0.00407893 0.00000000
-0.03370490 -0.00524546 0.00000000
-0.02651510 -0.00588695 0.00000000
-0.01885580 -0.00586523 0.00000000
-0.01156740 -0.00509507 0.00000000
-0.00551361 -0.00358963 0.00000000
-0.00149316 -0.00155921 0.00000000
-0.00004258 0.00022748 0.00000000
-0.00052865 0.00109168 0.00000000
-0.00371165 0.00573665 0.00000000
-0.01058970 0.01022510 0.00000000
-0.01999310 0.01340850 0.00000000
-0.03076700 0.01494730 0.00000000
-0.04182530 0.01483980 0.00000000
-0.05212370 0.01325660 0.00000000
-0.06074870 0.01045690 0.00000000
-0.06697440 0.00674242 0.00000000
-0.07028790 0.00243898 0.00000000
-0.07040580 -0.00210675 0.00000000
-0.06728920 -0.00652598 0.00000000
-0.06115670 -0.01043000 0.00000000
-0.05249220 -0.01342200 0.00000000
-0.04203990 -0.01512450 0.00000000
-0.03077600 -0.01522660 0.00000000
-0.01983040 -0.01355690 0.00000000
-0.01036420 -0.01017950 0.00000000
-0.00354873 -0.00555138 0.00000000
-0.00047687 -0.00094887 0.00000000
-0.00092829 0.00348007 0.00000000
-0.00569190 0.01222150 0.00000000
-0.01530290 0.01992300 0.00000000
-0.02791880 0.02519950 0.00000000
-0.04198840 0.02759880 0.00000000
-0.05618310 0.02713930 0.00000000
-0.06925710 0.02411050 0.00000000
-0.08013150 0.01895510 0.00000000
-0.08795460 0.01219630 0.00000000
-0.09212540 0.00440527 0.00000000
-0.09231000 -0.00380836 0.00000000
-0.08845640 -0.01179750 0.00000000
-0.08081050 -0.01888350 0.00000000
-0.06992770 -0.02437800 0.00000000
-0.05667300 -0.02762950 0.00000000
-0.04219760 -0.02810360 0.00000000
-0.02785840 -0.02549920 0.00000000
-0.01509460 -0.01989290 0.00000000
-0.00550537 -0.01192830 0.00000000
-0.00086165 -0.00322504 0.00000000
-0.00127902 0.00687824 0.00000000
-0.00753654 0.02095500 0.00000000
-0.01980610 0.03251240 0.00000000
-0.03553720 0.04010570 0.00000000
-0.05274690 0.04329300 0.00000000
-0.06986320 0.04219540 0.00000000
-0.08546910 0.03727990 0.00000000
-0.09836710 0.02921480 0.00000000
-0.10762700 0.01877830 0.00000000
-0.11259600 0.00681398 0.00000000
-0.11290500 -0.00578096 0.00000000
-0.10848100 -0.01805610 0.00000000
-0.09956850 -0.02901340 0.00000000
-0.08674450 -0.03763520 0.00000000
-0.07094000 -0.04294770 0.00000000
-0.05343340 -0.04413150 0.00000000
-0.03578660 -0.04068100 0.00000000
-0.01973620 -0.03259420 0.00000000
-0.00737100 -0.02059170 0.00000000
-0.00120374 -0.00649848 0.00000000
-0.00160762 0.01121630 0.00000000
-0.00931853 0.03187640 0.00000000
-0.02421060 0.04795450 0.00000000
-0.04300490 0.05807520 0.00000000
-0.06326040 0.06194050 0.00000000
-0.08315730 0.05988440 0.00000000
-0.10112900 0.05263110 0.00000000
-0.11589800 0.04112790 0.00000000
-0.12649500 0.02643830 0.00000000
-0.13224400 0.00969316 0.00000000
-0.13275600 -0.00791705 0.00000000
-0.12792900 -0.02513380 0.00000000
-0.11797200 -0.04062740 0.00000000
-0.10343900 -0.05302230 0.00000000
-0.08527280 -0.06096940 0.00000000
-0.06483840 -0.06328320 0.00000000
-0.04388730 -0.05914470 0.00000000
-0.02447870 -0.04834650 0.00000000
-0.00925470 -0.03155890 0.00000000
-0.00153782 -0.01072900 0.00000000
-0.00194013 0.01647790 0.00000000
-0.01112160 0.04497630 0.00000000
-0.02865140 0.06623630 0.00000000
-0.05048160 0.07906290 0.00000000
-0.07368750 0.08345000 0.00000000
-0.09620710 0.08007770 0.00000000
-0.11635600 0.07002740 0.00000000
-0.13281900 0.05458710 0.00000000
-0.14463600 0.03513300 0.00000000
-0.15114600 0.01308490 0.00000000
-0.15195400 -0.01008730 0.00000000
-0.14692000 -0.03283440 0.00000000
-0.13618500 -0.05350230 0.00000000
-0.12022700 -0.07034000 0.00000000
-0.09993550 -0.08156870 0.00000000
-0.07670350 -0.08553610 0.00000000
-0.05244160 -0.08096680 0.00000000
-0.02954560 -0.06727940 0.00000000
-0.01128390 -0.04494110 0.00000000
-0.00190013 -0.01595210 0.00000000
-0.00230008 0.02269580 0.00000000
-0.01302530 0.06030300 0.00000000
-0.03325140 0.08736660 0.00000000
-0.05808070 0.10300000 0.00000000
-0.08407610 0.10766900 0.00000000
-0.10895500 0.10256500 0.00000000
-0.13097000 0.08924720 0.00000000
-0.14883700 0.06941310 0.00000000
-0.16166900 0.04477300 0.00000000
-0.16887100 0.01702010 0.00000000
-0.17006600 -0.01213440 0.00000000
-0.16507400 -0.04089510 0.00000000
-0.15393200 -0.06731700 0.00000000
-0.13697200 -0.08927650 0.00000000
-0.11494400 -0.10451600 0.00000000
-0.08917710 -0.11080000 0.00000000
-0.06167150 -0.10621600 0.00000000
-0.03514880 -0.08958200 0.00000000
-0.01358600 -0.06095120 0.00000000
-0.00232637 -0.02227820 0.00000000
-0.00271166 0.02994780 0.00000000
-0.01510810 0.07795850 0.00000000
-0.03811490 0.11135900 0.00000000
-0.06584870 0.12975300 0.00000000
-0.09432730 0.13432100 0.00000000
-0.12110000 0.12697700 0.00000000
-0.14444400 0.10990500 0.00000000
-0.16321400 0.08528390 0.00000000
-0.17668800 0.05516830 0.00000000
-0.18440800 0.02148710 0.00000000
-0.18605900 -0.01387560 0.00000000
-0.18142300 -0.04895840 0.00000000
-0.17039600 -0.08159600 0.00000000
-0.15308200 -0.10932700 0.00000000
-0.12997200 -0.12938400 0.00000000
-0.10218600 -0.13883200 0.00000000
-0.07168980 -0.13489000 0.00000000
-0.04146710 -0.11547200 0.00000000
-0.01628810 -0.07989700 0.00000000
-0.00285471 -0.02989020 0.00000000
-0.00320765 0.03836030 0.00000000
-0.01746620 0.09809110 0.00000000
-0.04334100 0.13819200 0.00000000
-0.07375650 0.15904900 0.00000000
-0.10416000 0.16290400 0.00000000
-0.13203200 0.15267600 0.00000000
-0.15582600 0.13134400 0.00000000
-0.17467900 0.10164200 0.00000000
-0.18816800 0.06595880 0.00000000
-0.19606800 0.02638980 0.00000000
-0.19818600 -0.01511340 0.00000000
-0.19428400 -0.05654700 0.00000000
-0.18408200 -0.09564440 0.00000000
-0.16736700 -0.12969200 0.00000000
-0.14421600 -0.15542700 0.00000000
-0.11533900 -0.16910100 0.00000000
-0.08244590 -0.16680500 0.00000000
-0.04863610 -0.14512600 0.00000000
-0.01952870 -0.10216100 0.00000000
-0.00353357 -0.03904780 0.00000000
-0.00384394 0.04812920 0.00000000
-0.02024610 0.12089500 0.00000000
-0.04904640 0.16775400 0.00000000
-0.08168610 0.19036900 0.00000000
-0.11305300 0.19256000 0.00000000
-0.14074600 0.17861800 0.00000000
-0.16362100 0.15251500 0.00000000
-0.18130900 0.11759500 0.00000000
-0.19384600 0.07653610 0.00000000
-0.20136000 0.03149460 0.00000000
-0.20385600 -0.01565950 0.00000000
-0.20110900 -0.06305190 0.00000000
-0.19264800 -0.10849300 0.00000000
-0.17785700 -0.14917300 0.00000000
-0.15622400 -0.18141800 0.00000000
-0.12777900 -0.20060900 0.00000000
-0.09364410 -0.20142700 0.00000000
-0.05673300 -0.17857600 0.00000000
-0.02347980 -0.12817400 0.00000000
-0.00443553 -0.05010490 0.00000000
-0.00472534 0.05957160 0.00000000
-0.02369450 0.14661900 0.00000000
-0.05538260 0.19975800 0.00000000
-0.08937590 0.22279300 0.00000000
-0.12012100 0.22189500 0.00000000
-0.14567500 0.20319100 0.00000000
-0.16562900 0.17184200 0.00000000
-0.18037000 0.13181200 0.00000000
-0.19058000 0.08597110 0.00000000
-0.19686200 0.03637680 0.00000000
-0.19950100 -0.01537110 0.00000000
-0.19833500 -0.06774430 0.00000000
-0.19271700 -0.11886900 0.00000000
-0.18157300 -0.16608100 0.00000000
-0.16364500 -0.20549100 0.00000000
-0.13796600 -0.23166400 0.00000000
-0.10459600 -0.23762800 0.00000000
-0.06573340 -0.21552700 0.00000000
-0.02837760 -0.15836900 0.00000000
-0.00568207 -0.06355260 0.00000000
-0.00605154 0.07322870 0.00000000
-0.02822560 0.17556400 0.00000000
-0.06250820 0.23357200 0.00000000
-0.09625620 0.25474900 0.00000000
-0.12385600 0.24873400 0.00000000
-0.14439600 0.22402900 0.00000000
-0.15866900 0.18710900 0.00000000
-0.16810500 0.14246400 0.00000000
-0.17419900 0.09297010 0.00000000
-0.17811700 0.04037950 0.00000000
-0.18048300 -0.01419890 0.00000000
-0.18126400 -0.06982230 0.00000000
-0.17969400 -0.12521200 0.00000000
-0.17426900 -0.17818200 0.00000000
-0.16289400 -0.22497500 0.00000000
-0.14331600 -0.25959000 0.00000000
-0.11393700 -0.27333100 0.00000000
-0.07539280 -0.25506800 0.00000000
-0.03455620 -0.19309100 0.00000000
-0.00748627 -0.08010460 0.00000000
-0.00819201 0.09004650 0.00000000
-0.03448250 0.20802100 0.00000000
-0.07041160 0.26788500 0.00000000
-0.10102200 0.28360800 0.00000000
-0.12157300 0.26981300 0.00000000
-0.13310600 0.23784300 0.00000000
-0.13816000 0.19540600 0.00000000
-0.13946000 0.14723500 0.00000000
-0.13936400 0.09591020 0.00000000
-0.13959200 0.04262000 0.00000000
-0.14110600 -0.01223330 0.00000000
-0.14405200 -0.06850810 0.00000000
-0.14766600 -0.12579600 0.00000000
-0.15016700 -0.18277100 0.00000000
-0.14871900 -0.23632600 0.00000000
-0.13964200 -0.28044900 0.00000000
-0.11909400 -0.30502700 0.00000000
-0.08493550 -0.29516000 0.00000000
-0.04244030 -0.23237800 0.00000000
-0.01021600 -0.10083700 0.00000000
-0.01176740 0.11163600 0.00000000
-0.04325940 0.24396200 0.00000000
-0.07829650 0.30003500 0.00000000
-0.10062600 0.30509400 0.00000000
-0.10834900 0.28046200 0.00000000
-0.10572800 0.24038400 0.00000000
-0.09752570 0.19328300 0.00000000
-0.08776670 0.14355000 0.00000000
-0.07949640 0.09303670 0.00000000
-0.07478060 0.04209530 0.00000000
-0.07479830 -0.00972904 0.00000000
-0.07988630 -0.06321190 0.00000000
-0.08945890 -0.11899100 0.00000000
-0.10178500 -0.17695900 0.00000000
-0.11368300 -0.23528700 0.00000000
-0.12030300 -0.28888400 0.00000000
-0.11526200 -0.32719700 0.00000000
-0.09226580 -0.33179500 0.00000000
-0.05231540 -0.27540400 0.00000000
-0.01443030 -0.12734700 0.00000000
-0.01754930 0.14065900 0.00000000
-0.05476420 0.28214600 0.00000000
-0.08278540 0.32471900 0.00000000
-0.08807890 0.31247500 0.00000000
-0.07510620 0.27445700 0.00000000
-0.05258790 0.22677200 0.00000000
-0.02745460 0.17729000 0.00000000
-0.00451012 0.12913600 0.00000000
0.01310370 0.08291340 0.00000000
0.02344500 0.03794710 0.00000000
0.02540360 -0.00707371 0.00000000
0.01851230 -0.05375920 0.00000000
0.00298423 -0.10375300 0.00000000
-0.01999310 -0.15832100 0.00000000
-0.04768280 -0.21750300 0.00000000
-0.07498240 -0.27836200 0.00000000
-0.09354520 -0.33179200 0.00000000
-0.09206290 -0.35768300 0.00000000
-0.06328020 -0.31929500 0.00000000
-0.02063350 -0.16197400 0.00000000
-0.02544970 0.18171100 0.00000000
-0.06577430 0.31777100 0.00000000
-0.07333230 0.33136300 0.00000000
-0.04807570 0.29540100 0.00000000
-0.00557621 0.24421300 0.00000000
0.04122130 0.19238100 0.00000000
0.08465650 0.14504800 0.00000000
0.12054100 0.10297200 0.00000000
0.14670700 0.06513830 0.00000000
0.16205200 0.02989160 0.00000000
0.16594600 -0.00467174 0.00000000
0.15794000 -0.04062890 0.00000000
0.13773600 -0.08024730 0.00000000
0.10544400 -0.12591900 0.00000000
0.06226490 -0.17972700 0.00000000
0.01180780 -0.24202100 0.00000000
-0.03782860 -0.30787800 0.00000000
-0.07167870 -0.36014400 0.00000000
-0.07005520 -0.35660900 0.00000000
-0.02791220 -0.20837500 0.00000000
-0.02964900 0.23917600 0.00000000
-0.06084120 0.33576800 0.00000000
-0.02194200 0.30050300 0.00000000
0.05054280 0.24012800 0.00000000
0.12757400 0.18294900 0.00000000
0.19701000 0.13539000 0.00000000
0.25433900 0.09739960 0.00000000
0.29825400 0.06685150 0.00000000
0.32882800 0.04135560 0.00000000
0.34647000 0.01877870 0.00000000
0.35137900 -0.00279427 0.00000000
0.34330600 -0.02526540 0.00000000
0.32147200 -0.05078820 0.00000000
0.28464500 -0.08204860 0.00000000
0.23157400 -0.12244600 0.00000000
0.16218200 -0.17567000 0.00000000
0.07990150 -0.24343200 0.00000000
-0.00318937 -0.31913600 0.00000000
-0.05466940 -0.36861200 0.00000000
-0.02845930 -0.26761800 0.00000000
0.00808308 0.28186100 0.00000000
0.01978310 0.29497200 0.00000000
0.13906600 0.21097300 0.00000000
0.26446000 0.14347700 0.00000000
0.36436800 0.09718620 0.00000000
0.44036500 0.06577770 0.00000000
0.49674400 0.04423770 0.00000000
0.53687500 0.02888620 0.00000000
0.56344800 0.01719900 0.00000000
0.57830700 0.00748481 0.00000000
0.58238200 -0.00149417 0.00000000
0.57569700 -0.01084540 0.00000000
0.55731000 -0.02184720 0.00000000
0.52513600 -0.03633510 0.00000000
0.47577800 -0.05725980 0.00000000
0.40453800 -0.08938420 0.00000000
0.30517700 -0.13974100 0.00000000
0.17341700 -0.21638600 0.00000000
0.04117210 -0.31165500 0.00000000
0.01843020 -0.29999500 0.00000000
0.29960400 0.14609100 0.00000000
0.39627200 0.12750300 0.00000000
0.55742000 0.07608950 0.00000000
0.67448700 0.04372330 0.00000000
0.74388900 0.02557210 0.00000000
0.78715400 0.01524220 0.00000000
0.81548600 0.00921237 0.00000000
0.83395600 0.00550944 0.00000000
0.84538600 0.00302719 0.00000000
0.85137200 0.00114935 0.00000000
0.85266700 -0.00049939 0.00000000
0.84938300 -0.00221509 0.00000000
0.84100000 -0.00433859 0.00000000
0.82614100 -0.00742411 0.00000000
0.80207800 -0.01253230 0.00000000
0.76362100 -0.02177290 0.00000000
0.69910800 -0.03928290 0.00000000
0.58395200 -0.07266010 0.00000000
0.41582700 -0.12786800 0.00000000
0.30881900 -0.14946800 0.00000000
