-0.00006748
-0.00083848
-0.00247726
-0.00442307
-0.00647227
-0.00854582
-0.01059680
-0.01256820
-0.01436630
-0.01584610
-0.01681170
-0.01703220
-0.01629120
-0.01446830
-0.01163700
-0.00814449
-0.00459176
-0.00167613
0.00005004
0.00028142
-0.00050048
-0.00264754
-0.00638625
-0.01072330
-0.01526440
-0.01982960
-0.02427750
-0.02844840
-0.03212360
-0.03500520
-0.03672470
-0.03688500
-0.03512910
-0.03128320
-0.02552820
-0.01850690
-0.01130780
-0.00520059
-0.00120233
0.00008518
-0.00082442
-0.00396805
-0.00915118
-0.01505030
-0.02117020
-0.02728730
-0.03321000
-0.03872290
-0.04354340
-0.04729820
-0.04953020
-0.04973820
-0.04745660
-0.04241700
-0.03477800
-0.02532260
-0.01551180
-0.00715741
-0.00172180
0.00006241
-0.00101890
-0.00482128
-0.01099290
-0.01794360
-0.02511690
-0.03228460
-0.03925130
-0.04579570
-0.05162300
-0.05633070
-0.05940200
-0.06022660
-0.05814040
-0.05260380
-0.04354490
-0.03172990
-0.01904140
-0.00816780
-0.00141884
0.00034607
-0.00112751
-0.00534378
-0.01217420
-0.01984500
-0.02777010
-0.03574700
-0.04361700
-0.05120160
-0.05824590
-0.06436650
-0.06901560
-0.07146020
-0.07071960
-0.06571320
-0.05577760
-0.04134190
-0.02465760
-0.00975127
-0.00073607
0.00090251
-0.00117941
-0.00563719
-0.01289230
-0.02106270
-0.02956180
-0.03823950
-0.04701370
-0.05580200
-0.06445920
-0.07270480
-0.08003120
-0.08558680
-0.08800250
-0.08532000
-0.07568390
-0.05864400
-0.03644150
-0.01457540
-0.00053951
0.00164742
-0.00118996
-0.00576172
-0.01326630
-0.02177050
-0.03070990
-0.04001060
-0.04970690
-0.05987530
-0.07057420
-0.08176110
-0.09312540
-0.10376500
-0.11184400
-0.11411500
-0.10685000
-0.08819070
-0.05962420
-0.02713900
-0.00250085
0.00254792
-0.00116605
-0.00574649
-0.01335040
-0.02203050
-0.03125690
-0.04104840
-0.05159100
-0.06318400
-0.07619560
-0.09098100
-0.10763400
-0.12535700
-0.14155100
-0.15128100
-0.14884300
-0.13098300
-0.09757730
-0.05266770
-0.01007980
0.00311260
-0.00111138
-0.00560559
-0.01316280
-0.02183730
-0.03113110
-0.04115800
-0.05227270
-0.06503730
-0.08019910
-0.09861240
-0.12089100
-0.14632900
-0.17120000
-0.18886800
-0.19281900
-0.17940000
-0.14614900
-0.09263420
-0.02895400
0.00197026
-0.00103322
-0.00536023
-0.01272600
-0.02117750
-0.03022790
-0.04006390
-0.05118480
-0.06438360
-0.08072980
-0.10146600
-0.12755900
-0.15826700
-0.18898400
-0.21179300
-0.22167400
-0.21619700
-0.19044200
-0.13881500
-0.06357880
-0.00421911
-0.00095023
-0.00506486
-0.01211520
-0.02010200
-0.02851130
-0.03755350
-0.04779110
-0.06010690
-0.07565780
-0.09573550
-0.12129800
-0.15143600
-0.18153200
-0.20502800
-0.21878900
-0.22228600
-0.21036500
-0.17307700
-0.10498000
-0.01904970
-0.00090197
-0.00483620
-0.01150900
-0.01880030
-0.02612560
-0.03365840
-0.04190320
-0.05161630
-0.06371850
-0.07917980
-0.09877060
-0.12180400
-0.14475200
-0.16359300
-0.17803900
-0.18974400
-0.19379100
-0.17776100
-0.13032900
-0.03833100
-0.00096213
-0.00488640
-0.01123720
-0.01766260
-0.02348580
-0.02881490
-0.03399870
-0.03949020
-0.04575840
-0.05329940
-0.06281830
-0.07443910
-0.08656970
-0.09789630
-0.11045300
-0.12769800
-0.14598100
-0.15110900
-0.12861500
-0.04783110
-0.00126125
-0.00556842
-0.01182570
-0.01730690
-0.02129640
-0.02389520
-0.02529060
-0.02559630
-0.02483070
-0.02307860
-0.02114510
-0.02021200
-0.02092300
-0.02453700
-0.03477620
-0.05505080
-0.08394420
-0.10622000
-0.10908300
-0.04197390
-0.00202950
-0.00744723
-0.01404410
-0.01856800
-0.02046790
-0.02003310
-0.01738020
-0.01237240
-0.00475563
0.00570438
0.01814060
0.03028560
0.03944950
0.04266980
0.03494370
0.01377460
-0.02140910
-0.05514970
-0.08254150
-0.02810930
-0.00371237
-0.01148050
-0.01898040
-0.02238930
-0.02189700
-0.01830110
-0.01175210
-0.00203258
0.01145760
0.02892320
0.04922900
0.06974300
0.08640930
0.09468540
0.09057450
0.07143950
0.03471310
-0.00345551
-0.05346530
-0.00994306
-0.00720211
-0.01936960
-0.02814440
-0.02987920
-0.02640980
-0.01943660
-0.00918606
0.00468582
0.02270620
0.04494730
0.07030820
0.09622050
0.11838300
0.13186700
0.13198300
0.11731500
0.08404290
0.04944630
-0.01796300
0.01712250
-0.01427760
-0.03418550
-0.04635370
-0.04230090
-0.03160000
-0.01758520
-0.00074061
0.01909070
0.04211070
0.06837200
0.09697720
0.12638400
0.15270400
0.17275200
0.17996600
0.17560200
0.14918000
0.12161300
0.04401930
0.06719960
-0.08274200
-0.08062140
-0.04681530
-0.01046270
0.02525910
0.05884360
0.09092890
0.12235600
0.15319500
0.18478200
0.21574100
0.24777200
0.27556200
0.30204700
0.31475000
0.32166400
0.29720200
0.27338000
0.17672200
0.16168200
0.18154600
0.21856800
0.29993000
0.36956800
0.42299700
0.46596300
0.50188800
0.53405700
0.56196400
0.58922100
0.61237600
0.63741500
0.65512600
0.67616000
0.68031200
0.68738500
0.65453200
0.62046000
0.48229500
0.36389300
