0.00020114
-0.00000319
-0.00128870
-0.00333786
-0.00581997
-0.00846685
-0.01105860
-0.01339630
-0.01527910
-0.01649940
-0.01686210
-0.01622560
-0.01455430
-0.01196750
-0.00876371
-0.00540191
-0.00242550
-0.00033386
0.00055601
0.00033805
-0.00014757
-0.00175394
-0.00562023
-0.01101400
-0.01727150
-0.02383000
-0.03017070
-0.03580050
-0.04023480
-0.04300540
-0.04370870
-0.04208070
-0.03809420
-0.03204380
-0.02457660
-0.01664950
-0.00938032
-0.00380058
-0.00058579
0.00018773
-0.00059912
-0.00378892
-0.01023740
-0.01866520
-0.02813260
-0.03789460
-0.04724110
-0.05548180
-0.06194130
-0.06597820
-0.06704740
-0.06479620
-0.05918010
-0.05056710
-0.03978950
-0.02810750
-0.01703840
-0.00804446
-0.00222622
-0.00010986
-0.00100540
-0.00569969
-0.01462360
-0.02588020
-0.03825170
-0.05086010
-0.06287420
-0.07348060
-0.08187630
-0.08728890
-0.08904210
-0.08665860
-0.07999290
-0.06936850
-0.05567380
-0.04037830
-0.02538190
-0.01266310
-0.00393058
-0.00037638
-0.00135818
-0.00742102
-0.01863990
-0.03251630
-0.04756860
-0.06282030
-0.07737130
-0.09033980
-0.10084000
-0.10798800
-0.11095900
-0.10908700
-0.10201700
-0.08988780
-0.07350730
-0.05446920
-0.03508140
-0.01800120
-0.00581262
-0.00062769
-0.00166184
-0.00893468
-0.02221330
-0.03846240
-0.05597110
-0.07370000
-0.09072540
-0.10614600
-0.11903100
-0.12840200
-0.13326400
-0.13270100
-0.12603700
-0.11306600
-0.09433780
-0.07143120
-0.04704020
-0.02467270
-0.00815442
-0.00092638
-0.00191409
-0.01021120
-0.02525490
-0.04355880
-0.06322940
-0.08320180
-0.10257400
-0.12047200
-0.13597100
-0.14802700
-0.15547800
-0.15712700
-0.15188200
-0.13903200
-0.11864400
-0.09203910
-0.06213870
-0.03338940
-0.01131270
-0.00135247
-0.00210654
-0.01120570
-0.02764670
-0.04758310
-0.06898570
-0.09080020
-0.11219100
-0.13236900
-0.15046900
-0.16544900
-0.17603700
-0.18076800
-0.17810500
-0.16670500
-0.14590500
-0.11640200
-0.08096440
-0.04483960
-0.01569670
-0.00200573
-0.00223023
-0.01187370
-0.02926840
-0.05028770
-0.07280420
-0.09580440
-0.11856300
-0.14043500
-0.16069800
-0.17840300
-0.19228300
-0.20071300
-0.20177100
-0.19345200
-0.17414900
-0.14348700
-0.10344600
-0.05952670
-0.02176260
-0.00302092
-0.00228590
-0.01220600
-0.03005870
-0.05148450
-0.07427950
-0.09749620
-0.12056200
-0.14303900
-0.16443700
-0.18403300
-0.20072600
-0.21293000
-0.21853200
-0.21497900
-0.19963700
-0.17065400
-0.12838100
-0.07749810
-0.02999020
-0.00459308
-0.00229984
-0.01228030
-0.03010570
-0.05116820
-0.07319480
-0.09533420
-0.11721300
-0.13866500
-0.15952500
-0.17943100
-0.19765000
-0.21289300
-0.22317400
-0.22568500
-0.21693300
-0.19338400
-0.15294000
-0.09791910
-0.04078990
-0.00700601
-0.00234826
-0.01233340
-0.02976010
-0.04965820
-0.06969500
-0.08917870
-0.10800300
-0.12633700
-0.14442100
-0.16237200
-0.18000000
-0.19660200
-0.21067600
-0.21963100
-0.21958200
-0.20551900
-0.17240300
-0.11854800
-0.05426040
-0.01064220
-0.00259882
-0.01286250
-0.02976130
-0.04772090
-0.06440830
-0.07943810
-0.09308530
-0.10593000
-0.11867100
-0.13196700
-0.14628200
-0.16167900
-0.17749900
-0.19191500
-0.20138000
-0.20013500
-0.18039800
-0.13533200
-0.06971560
-0.01591910
-0.00338812
-0.01477530
-0.03135390
-0.04659750
-0.05839240
-0.06696800
-0.07317120
-0.07807910
-0.08287290
-0.08874410
-0.09680220
-0.10792900
-0.12249800
-0.13990700
-0.15779300
-0.17086700
-0.16973500
-0.14237600
-0.08496540
-0.02303950
-0.00536280
-0.01960100
-0.03629960
-0.04772640
-0.05261120
-0.05236670
-0.04868560
-0.04323140
-0.03765280
-0.03359210
-0.03268660
-0.03652190
-0.04647600
-0.06335530
-0.08664930
-0.11298200
-0.13341600
-0.13227100
-0.09548260
-0.03137340
-0.00967725
-0.02962550
-0.04632800
-0.05141870
-0.04605400
-0.03373250
-0.01728430
0.00100607
0.01910920
0.03509130
0.04699370
0.05276350
0.05025720
0.03742820
0.01275600
-0.02338660
-0.06513980
-0.09642210
-0.09380520
-0.03831770
-0.01799910
-0.04704130
-0.05999290
-0.05190460
-0.02991910
-0.00058593
0.03215120
0.06562440
0.09772320
0.12653100
0.15007200
0.16614900
0.17220000
0.16537800
0.14256600
0.10103400
0.04142150
-0.02479550
-0.06951700
-0.03770290
-0.03075010
-0.06770970
-0.05909990
-0.02144240
0.02742210
0.07929040
0.13061600
0.17938700
0.22417200
0.26364900
0.29628900
0.32015900
0.33267500
0.33080200
0.31053600
0.26691300
0.19537600
0.09659730
-0.00714958
-0.01583050
-0.02799870
-0.04176600
0.03727420
0.12577600
0.20551500
0.27615400
0.33878400
0.39395800
0.44194700
0.48266800
0.51550200
0.53922000
0.55167000
0.55041200
0.53146000
0.48910900
0.41490700
0.29579800
0.13207300
0.06711970
0.26173200
0.32472100
0.45609500
0.56089800
0.63289400
0.68576900
0.72729400
0.76071900
0.78768000
0.80901900
0.82490400
0.83493800
0.83826000
0.83344500
0.81807500
0.78876600
0.73804600
0.64812500
0.47475100
0.34158400
