0.00004000
-0.00050708
-0.00198144
-0.00388589
-0.00597244
-0.00810547
-0.01019370
-0.01214370
-0.01382670
-0.01506630
-0.01565020
-0.01536400
-0.01406250
-0.01176000
-0.00869798
-0.00535724
-0.00236123
-0.00027458
0.00056286
0.00032166
-0.00036011
-0.00228024
-0.00599430
-0.01056600
-0.01550270
-0.02051290
-0.02535510
-0.02977760
-0.03347380
-0.03606780
-0.03714730
-0.03632920
-0.03338050
-0.02837280
-0.02179210
-0.01455960
-0.00787670
-0.00287617
-0.00020612
0.00025351
-0.00073582
-0.00385951
-0.00939401
-0.01599950
-0.02302840
-0.03010970
-0.03691500
-0.04309640
-0.04824220
-0.05186230
-0.05342200
-0.05242020
-0.04852440
-0.04176130
-0.03268940
-0.02248130
-0.01278380
-0.00525855
-0.00093124
0.00018176
-0.00101070
-0.00508499
-0.01209110
-0.02030890
-0.02897280
-0.03768300
-0.04608480
-0.05380020
-0.06037560
-0.06525480
-0.06779430
-0.06732720
-0.06328960
-0.05546520
-0.04428590
-0.03106450
-0.01797020
-0.00747906
-0.00132720
0.00026308
-0.00120688
-0.00600882
-0.01418210
-0.02369730
-0.03370990
-0.04383420
-0.05374820
-0.06311010
-0.07148860
-0.07830230
-0.08278890
-0.08402720
-0.08102000
-0.07301510
-0.06002490
-0.04330860
-0.02562170
-0.01071720
-0.00174887
0.00047304
-0.00134288
-0.00668477
-0.01576360
-0.02632800
-0.03749950
-0.04895120
-0.06045470
-0.07177940
-0.08259210
-0.09233930
-0.10013600
-0.10471200
-0.10439900
-0.09755050
-0.08338520
-0.06274380
-0.03878330
-0.01690510
-0.00288554
0.00072414
-0.00142689
-0.00714154
-0.01688890
-0.02828000
-0.04044560
-0.05316210
-0.06635790
-0.07999350
-0.09392220
-0.10769100
-0.12030200
-0.13004600
-0.13438800
-0.13051000
-0.11649500
-0.09226580
-0.06072600
-0.02863600
-0.00575632
0.00090364
-0.00146034
-0.00738518
-0.01756350
-0.02953850
-0.04248340
-0.05631200
-0.07116060
-0.08724940
-0.10469700
-0.12322800
-0.14175400
-0.15795300
-0.16851400
-0.16956900
-0.15784800
-0.13194200
-0.09338310
-0.04873940
-0.01191380
0.00080455
-0.00144249
-0.00741136
-0.01776330
-0.03002000
-0.04340740
-0.05798370
-0.07410780
-0.09227710
-0.11288900
-0.13584900
-0.16001400
-0.18270400
-0.19988800
-0.20706600
-0.20026300
-0.17652600
-0.13477900
-0.07878930
-0.02377710
-0.00013821
-0.00137793
-0.00722952
-0.01747790
-0.02963440
-0.04295560
-0.05760900
-0.07412740
-0.09321960
-0.11548600
-0.14096700
-0.16854100
-0.19546600
-0.21762300
-0.23080100
-0.23120500
-0.21466800
-0.17679400
-0.11620200
-0.04424580
-0.00328148
-0.00128708
-0.00689824
-0.01677640
-0.02838560
-0.04095720
-0.05468960
-0.07017620
-0.08818820
-0.10938600
-0.13388800
-0.16074900
-0.18764700
-0.21133800
-0.22871300
-0.23712200
-0.23208200
-0.20615900
-0.15210100
-0.07352040
-0.01068630
-0.00122040
-0.00657020
-0.01588900
-0.02649580
-0.03752600
-0.04912010
-0.06179640
-0.07622260
-0.09298890
-0.11231100
-0.13366100
-0.15563800
-0.17651200
-0.19499200
-0.21028900
-0.21841400
-0.21029900
-0.17379700
-0.10430600
-0.02343540
-0.00127900
-0.00654664
-0.01528980
-0.02451860
-0.03323030
-0.04147330
-0.04961310
-0.05812060
-0.06747980
-0.07809730
-0.09011260
-0.10336000
-0.11784000
-0.13421400
-0.15355300
-0.17327400
-0.18437900
-0.17168700
-0.12389700
-0.03851170
-0.00165063
-0.00735036
-0.01577270
-0.02339560
-0.02913750
-0.03305090
-0.03539120
-0.03645970
-0.03669090
-0.03678640
-0.03769020
-0.04053260
-0.04684330
-0.05891850
-0.07903150
-0.10642200
-0.13366800
-0.14479800
-0.12434500
-0.04847620
-0.00268481
-0.00984963
-0.01852570
-0.02442740
-0.02667210
-0.02560030
-0.02151550
-0.01465970
-0.00550131
0.00494960
0.01497410
0.02224560
0.02403570
0.01738380
-0.00070390
-0.03096790
-0.06829890
-0.09860490
-0.10683500
-0.04773060
-0.00507198
-0.01552250
-0.02524820
-0.02914730
-0.02727350
-0.02073940
-0.01009530
0.00437945
0.02213660
0.04187540
0.06136940
0.07756140
0.08694440
0.08623770
0.07249380
0.04454770
0.00438034
-0.03805790
-0.07524440
-0.03565770
-0.01032840
-0.02710270
-0.03830990
-0.03872260
-0.03105240
-0.01787580
-0.00015492
0.02170830
0.04707530
0.07459010
0.10197600
0.12608400
0.14317000
0.14996100
0.14321800
0.12198900
0.08513970
0.03769210
-0.02871460
-0.01044100
-0.02225130
-0.05011680
-0.05851030
-0.04633670
-0.02535530
-0.00013055
0.02818690
0.05921820
0.09249970
0.12713600
0.16139200
0.19289000
0.21809000
0.23429800
0.23660500
0.22463000
0.19178000
0.14195200
0.04589820
0.03854180
-0.06503580
-0.07592760
-0.02805450
0.02325940
0.07194440
0.11753800
0.16073200
0.20228400
0.24262700
0.28206500
0.31971900
0.35491500
0.38411700
0.40669600
0.41390400
0.40827200
0.37263600
0.31563600
0.18642400
0.13917900
0.21292000
0.25440200
0.35192500
0.43340000
0.49378500
0.54115300
0.58076700
0.61533400
0.64606600
0.67427800
0.69944700
0.72248100
0.73978700
0.75336600
0.75353000
0.74665100
0.70581000
0.64832400
0.49157100
0.36521200
