0.00025341
0.00014121
-0.00117704
-0.00348128
-0.00637780
-0.00946996
-0.01240360
-0.01488570
-0.01669040
-0.01765930
-0.01770310
-0.01680600
-0.01503090
-0.01252580
-0.00952688
-0.00635528
-0.00340079
-0.00108647
0.00019645
0.00026787
-0.00007747
-0.00161166
-0.00569325
-0.01171960
-0.01889350
-0.02640250
-0.03347140
-0.03942950
-0.04374700
-0.04605030
-0.04613260
-0.04396440
-0.03970390
-0.03370490
-0.02651510
-0.01885580
-0.01156740
-0.00551361
-0.00149316
-0.00004258
-0.00052865
-0.00371165
-0.01058970
-0.01999310
-0.03076700
-0.04182530
-0.05212370
-0.06074870
-0.06697440
-0.07028790
-0.07040580
-0.06728920
-0.06115670
-0.05249220
-0.04203990
-0.03077600
-0.01983040
-0.01036420
-0.00354873
-0.00047687
-0.00092829
-0.00569190
-0.01530290
-0.02791880
-0.04198840
-0.05618310
-0.06925710
-0.08013150
-0.08795460
-0.09212540
-0.09231000
-0.08845640
-0.08081050
-0.06992770
-0.05667300
-0.04219760
-0.02785840
-0.01509460
-0.00550537
-0.00086165
-0.00127902
-0.00753654
-0.01980610
-0.03553720
-0.05274690
-0.06986320
-0.08546910
-0.09836710
-0.10762700
-0.11259600
-0.11290500
-0.10848100
-0.09956850
-0.08674450
-0.07094000
-0.05343340
-0.03578660
-0.01973620
-0.00737100
-0.00120374
-0.00160762
-0.00931853
-0.02421060
-0.04300490
-0.06326040
-0.08315730
-0.10112900
-0.11589800
-0.12649500
-0.13224400
-0.13275600
-0.12792900
-0.11797200
-0.10343900
-0.08527280
-0.06483840
-0.04388730
-0.02447870
-0.00925470
-0.00153782
-0.00194013
-0.01112160
-0.02865140
-0.05048160
-0.07368750
-0.09620710
-0.11635600
-0.13281900
-0.14463600
-0.15114600
-0.15195400
-0.14692000
-0.13618500
-0.12022700
-0.09993550
-0.07670350
-0.05244160
-0.02954560
-0.01128390
-0.00190013
-0.00230008
-0.01302530
-0.03325140
-0.05808070
-0.08407610
-0.10895500
-0.13097000
-0.14883700
-0.16166900
-0.16887100
-0.17006600
-0.16507400
-0.15393200
-0.13697200
-0.11494400
-0.08917710
-0.06167150
-0.03514880
-0.01358600
-0.00232637
-0.00271166
-0.01510810
-0.03811490
-0.06584870
-0.09432730
-0.12110000
-0.14444400
-0.16321400
-0.17668800
-0.18440800
-0.18605900
-0.18142300
-0.17039600
-0.15308200
-0.12997200
-0.10218600
-0.07168980
-0.04146710
-0.01628810
-0.00285471
-0.00320765
-0.01746620
-0.04334100
-0.07375650
-0.10416000
-0.13203200
-0.15582600
-0.17467900
-0.18816800
-0.19606800
-0.19818600
-0.19428400
-0.18408200
-0.16736700
-0.14421600
-0.11533900
-0.08244590
-0.04863610
-0.01952870
-0.00353357
-0.00384394
-0.02024610
-0.04904640
-0.08168610
-0.11305300
-0.14074600
-0.16362100
-0.18130900
-0.19384600
-0.20136000
-0.20385600
-0.20110900
-0.19264800
-0.17785700
-0.15622400
-0.12777900
-0.09364410
-0.05673300
-0.02347980
-0.00443553
-0.00472534
-0.02369450
-0.05538260
-0.08937590
-0.12012100
-0.14567500
-0.16562900
-0.18037000
-0.19058000
-0.19686200
-0.19950100
-0.19833500
-0.19271700
-0.18157300
-0.16364500
-0.13796600
-0.10459600
-0.06573340
-0.02837760
-0.00568207
-0.00605154
-0.02822560
-0.06250820
-0.09625620
-0.12385600
-0.14439600
-0.15866900
-0.16810500
-0.17419900
-0.17811700
-0.18048300
-0.18126400
-0.17969400
-0.17426900
-0.16289400
-0.14331600
-0.11393700
-0.07539280
-0.03455620
-0.00748627
-0.00819201
-0.03448250
-0.07041160
-0.10102200
-0.12157300
-0.13310600
-0.13816000
-0.13946000
-0.13936400
-0.13959200
-0.14110600
-0.14405200
-0.14766600
-0.15016700
-0.14871900
-0.13964200
-0.11909400
-0.08493550
-0.04244030
-0.01021600
-0.01176740
-0.04325940
-0.07829650
-0.10062600
-0.10834900
-0.10572800
-0.09752570
-0.08776670
-0.07949640
-0.07478060
-0.07479830
-0.07988630
-0.08945890
-0.10178500
-0.11368300
-0.12030300
-0.11526200
-0.09226580
-0.05231540
-0.01443030
-0.01754930
-0.05476420
-0.08278540
-0.08807890
-0.07510620
-0.05258790
-0.02745460
-0.00451012
0.01310370
0.02344500
0.02540360
0.01851230
0.00298423
-0.01999310
-0.04768280
-0.07498240
-0.09354520
-0.09206290
-0.06328020
-0.02063350
-0.02544970
-0.06577430
-0.07333230
-0.04807570
-0.00557621
0.04122130
0.08465650
0.12054100
0.14670700
0.16205200
0.16594600
0.15794000
0.13773600
0.10544400
0.06226490
0.01180780
-0.03782860
-0.07167870
-0.07005520
-0.02791220
-0.02964900
-0.06084120
-0.02194200
0.05054280
0.12757400
0.19701000
0.25433900
0.29825400
0.32882800
0.34647000
0.35137900
0.34330600
0.32147200
0.28464500
0.23157400
0.16218200
0.07990150
-0.00318937
-0.05466940
-0.02845930
0.00808308
0.01978310
0.13906600
0.26446000
0.36436800
0.44036500
0.49674400
0.53687500
0.56344800
0.57830700
0.58238200
0.57569700
0.55731000
0.52513600
0.47577800
0.40453800
0.30517700
0.17341700
0.04117210
0.01843020
0.29960400
0.39627200
0.55742000
0.67448700
0.74388900
0.78715400
0.81548600
0.83395600
0.84538600
0.85137200
0.85266700
0.84938300
0.84100000
0.82614100
0.80207800
0.76362100
0.69910800
0.58395200
0.41582700
0.30881900
