-4.65762e-06 9.30209e-06 0
-3.6928e-05 3.52546e-05 0
-0.000103818 5.43659e-05 0
-0.000186758 6.34557e-05 0
-0.000273534 6.39843e-05 0
-0.000355626 5.83593e-05 0
-0.000426969 4.86468e-05 0
-0.000483454 3.63143e-05 0
-0.000522407 2.23499e-05 0
-0.000542185 7.46499e-06 0
-0.000541972 -7.74458e-06 0
-0.00052172 -2.2701e-05 0
-0.000482173 -3.67726e-05 0
-0.000424966 -4.91816e-05 0
-0.000352858 -5.8856e-05 0
-0.000270151 -6.42501e-05 0
-0.000183181 -6.32652e-05 0
-0.000100718 -5.35707e-05 0
-3.49877e-05 -3.39865e-05 0
-4.05205e-06 -8.28504e-06 0
-1.69815e-05 7.25204e-05 0
-9.04744e-05 0.000189369 0
-0.000221823 0.000263121 0
-0.000376801 0.000294602 0
-0.000534718 0.000292035 0
-0.000682423 0.000264701 0
-0.000810338 0.000220302 0
-0.000911583 0.000164468 0
-0.000981462 0.000101241 0
-0.001017 3.37585e-05 0
-0.0010167 -3.52144e-05 0
-0.000980462 -0.000102961 0
-0.000909657 -0.000166575 0
-0.000807229 -0.00022266 0
-0.000678014 -0.000266846 0
-0.000529218 -0.000293205 0
-0.000370884 -0.000293923 0
-0.000216618 -0.000260023 0
-8.71686e-05 -0.000184354 0
-1.59427e-05 -6.84159e-05 0
-2.29287e-05 0.000190778 0
-0.000122721 0.00045359 0
-0.000300501 0.000606768 0
-0.000508494 0.000667085 0
-0.000718828 0.000655545 0
-0.000914616 0.000591928 0
-0.00108376 0.000491986 0
-0.00121754 0.000367246 0
-0.00130994 0.000226178 0
-0.0013571 7.55806e-05 0
-0.00135697 -7.84119e-05 0
-0.00130935 -0.000229711 0
-0.00121592 -0.00037184 0
-0.00108042 -0.000497378 0
-0.000909064 -0.000597063 0
-0.00071114 -0.000658644 0
-0.000499618 -0.000666059 0
-0.000292295 -0.000600181 0
-0.000117311 -0.000442406 0
-2.11842e-05 -0.000181341 0
-3.01714e-05 0.000339055 0
-0.000161899 0.000788893 0
-0.000396459 0.0010431 0
-0.000670213 0.00113878 0
-0.000946468 0.00111459 0
-0.00120336 0.0010044 0
-0.00142536 0.000834269 0
-0.00160127 0.000622969 0
-0.00172326 0.000384265 0
-0.00178614 0.000129305 0
-0.00178703 -0.000131711 0
-0.00172538 -0.00038854 0
-0.00160312 -0.000630224 0
-0.001425 -0.000844223 0
-0.00119909 -0.00101501 0
-0.000937677 -0.00112215 0
-0.000658041 -0.00113877 0
-0.000383984 -0.00103214 0
-0.000153088 -0.000768287 0
-2.71947e-05 -0.000320877 0
-4.15648e-05 0.000537933 0
-0.000221505 0.00123752 0
-0.000540419 0.00162551 0
-0.00091158 0.00176723 0
-0.00128564 0.0017257 0
-0.00163363 0.00155381 0
-0.001935 0.00129113 0
-0.00217483 0.000965664 0
-0.00234242 0.000597812 0
-0.00243039 0.000204189 0
-0.00243429 -0.000199778 0
-0.00235274 -0.000598318 0
-0.00218784 -0.000974314 0
-0.0019457 -0.00130807 0
-0.00163727 -0.00157526 0
-0.0012796 -0.0017441 0
-0.000896806 -0.0017729 0
-0.00052207 -0.00161057 0
-0.000207164 -0.0012029 0
-3.64247e-05 -0.000505214 0
-5.91028e-05 0.000815005 0
-0.000311428 0.00185779 0
-0.000755457 0.00242731 0
-0.00127041 0.00263048 0
-0.00178882 0.00256497 0
-0.00227175 0.00230971 0
-0.00269167 0.00192223 0
-0.0030282 0.00144238 0
-0.00326624 0.000898875 0
-0.00339478 0.000315233 0
-0.00340644 -0.000286282 0
-0.00329798 -0.000882296 0
-0.00307114 -0.00144678 0
-0.00273369 -0.00194943 0
-0.00230087 -0.00235284 0
-0.00179715 -0.00260861 0
-0.0012576 -0.002654 0
-0.000730158 -0.00241265 0
-0.000288342 -0.00180327 0
-5.01909e-05 -0.000758045 0
-8.52047e-05 0.00120879 0
-0.000443098 0.00273061 0
-0.00106775 0.00354965 0
-0.00178953 0.00383611 0
-0.0025158 0.00373772 0
-0.00319432 0.00336957 0
-0.00378812 0.00281293 0
-0.00426918 0.00212258 0
-0.00461574 0.00133734 0
-0.00481072 0.000489157 0
-0.00484138 -0.000390902 0
-0.00470018 -0.00126895 0
-0.00438691 -0.00210562 0
-0.00391084 -0.00285412 0
-0.00329318 -0.00345651 0
-0.00257005 -0.00383886 0
-0.00179425 -0.00390742 0
-0.00103749 -0.00355034 0
-0.000406742 -0.00265046 0
-6.97403e-05 -0.00111165 0
-0.000123064 0.00177217 0
-0.000631098 0.00396554 0
-0.00151018 0.00512895 0
-0.00252265 0.00552961 0
-0.00354213 0.00538817 0
-0.00449948 0.00486968 0
-0.00534566 0.0040864 0
-0.0060422 0.00311109 0
-0.00655734 0.00199384 0
-0.006864 0.000776021 0
-0.0069395 -0.000500614 0
-0.00676678 -0.00178819 0
-0.00633915 -0.00302696 0
-0.00566564 -0.00414349 0
-0.00477508 -0.00504589 0
-0.00372179 -0.00561862 0
-0.0025883 -0.00571997 0
-0.0014863 -0.0051878 0
-0.000575508 -0.00385942 0
-9.61162e-05 -0.00160901 0
-0.000176589 0.00257603 0
-0.00089277 0.0057073 0
-0.00212143 0.0073447 0
-0.00353315 0.00790393 0
-0.00495832 0.0077113 0
-0.00630768 0.00700035 0
-0.00751786 0.00592252 0
-0.00853685 0.00457046 0
-0.00931811 0.00300459 0
-0.00981816 0.00127447 0
-0.0099967 -0.000567497 0
-0.0098161 -0.00245698 0
-0.00925162 -0.00430282 0
-0.00830528 -0.00598737 0
-0.00701294 -0.00735949 0
-0.00545679 -0.00823076 0
-0.00377127 -0.00838017 0
-0.00214002 -0.00757268 0
-0.000810616 -0.00559463 0
-0.000128955 -0.00230503 0
-0.000249721 0.00371151 0
-0.00124526 0.00813918 0
-0.0029397 0.0104243 0
-0.00488476 0.0112069 0
-0.00685843 0.010965 0
-0.00875014 0.0100244 0
-0.0104816 0.00858387 0
-0.0119849 0.00675457 0
-0.013193 0.00460067 0
-0.0140375 0.00217219 0
-0.0144491 -0.000471951 0
-0.0143465 -0.00324716 0
-0.013658 -0.00602515 0
-0.0123591 -0.00861602 0
-0.0104815 -0.0107601 0
-0.00814483 -0.0121301 0
-0.00557664 -0.0123587 0
-0.00310137 -0.0110979 0
-0.00112848 -0.00809596 0
-0.000162764 -0.00326338 0
-0.000344755 0.00528689 0
-0.0016986 0.0114772 0
-0.00398838 0.0146377 0
-0.00662 0.0157406 0
-0.00931294 0.0154781 0
-0.0119389 0.0142984 0
-0.0144091 0.0124548 0
-0.0166418 0.0100693 0
-0.0185469 0.00719366 0
-0.0200173 0.00385841 0
-0.0209276 0.000109831 0
-0.0211309 -0.00396063 0
-0.0204625 -0.00819472 0
-0.0187977 -0.0122895 0
-0.0161109 -0.0157861 0
-0.0125485 -0.018075 0
-0.00849657 -0.0184784 0
-0.00457621 -0.0164385 0
-0.00154429 -0.0117298 0
-0.000177122 -0.00454026 0
-0.000458925 0.00741325 0
-0.00224237 0.0159451 0
-0.00524851 0.0202718 0
-0.00871701 0.0218412 0
-0.0123095 0.0216423 0
-0.0158921 0.0202842 0
-0.0193809 0.0180815 0
-0.0226937 0.015152 0
-0.0257251 0.0115047 0
-0.028327 0.00710714 0
-0.030301 0.00193848 0
-0.0314012 -0.00396296 0
-0.031272 -0.0104511 0
-0.0295183 -0.0171085 0
-0.0258917 -0.02314 0
-0.0204472 -0.0273472 0
-0.0137825 -0.0283041 0
-0.00713479 -0.0249199 0
-0.0021123 -0.0171492 0
-0.000118956 -0.00614868 0
-0.000579055 0.0101671 0
-0.00282588 0.0217085 0
-0.00661886 0.0275508 0
-0.0110257 0.0297929 0
-0.0156606 0.0298271 0
-0.0204096 0.0284773 0
-0.0252271 0.0261328 0
-0.0300709 0.0228913 0
-0.0348634 0.0186761 0
-0.039453 0.0133169 0
-0.0435875 0.00661136 0
-0.0468961 -0.00159739 0
-0.0487151 -0.0113184 0
-0.0480338 -0.0223089 0
-0.0438991 -0.0333048 0
-0.035884 -0.0419516 0
-0.0246887 -0.0449695 0
-0.0125942 -0.0395874 0
-0.00319407 -0.0259481 0
0.000110834 -0.00808831 0
-0.000684962 0.0135595 0
-0.00336391 0.0288329 0
-0.00791308 0.0366122 0
-0.013239 0.0398374 0
-0.0189253 0.0404277 0
-0.0249183 0.0394931 0
-0.0312749 0.0375353 0
-0.0380799 0.0346436 0
-0.0453988 0.0306368 0
-0.0532066 0.0251282 0
-0.0612744 0.0175244 0
-0.0690784 0.0070414 0
-0.0756956 -0.00707886 0
-0.0789447 -0.0249318 0
-0.0759599 -0.0453077 0
-0.0653914 -0.0639187 0
-0.0476702 -0.0735713 0
-0.0258738 -0.0668854 0
-0.00658596 -0.0423877 0
0.000543149 -0.0108141 0
-0.000727354 0.0174059 0
-0.0036514 0.0370229 0
-0.00868451 0.0470137 0
-0.0146409 0.0513235 0
-0.0211078 0.0526365 0
-0.0281061 0.052533 0
-0.035842 0.0517345 0
-0.0446432 0.0503918 0
-0.0549245 0.0482759 0
-0.0671032 0.0447829 0
-0.0813094 0.0387001 0
-0.0966919 0.0278429 0
-0.110748 0.00923004 0
-0.120065 -0.0191995 0
-0.120686 -0.0558716 0
-0.11006 -0.093613 0
-0.0876581 -0.119299 0
-0.0550155 -0.117364 0
-0.0192186 -0.0777863 0
-0.000393755 -0.0178635 0
-0.000788256 0.0213107 0
-0.00407724 0.0454946 0
-0.0096414 0.0582985 0
-0.0158251 0.0646363 0
-0.0221878 0.0677016 0
-0.0290041 0.0695055 0
-0.0367931 0.0712074 0
-0.0461894 0.0733432 0
-0.0579091 0.0758441 0
-0.0726573 0.0776666 0
-0.0907774 0.0759815 0
-0.111313 0.0655594 0
-0.130901 0.0400131 0
-0.144783 -0.00447054 0
-0.151436 -0.0655993 0
-0.14852 -0.131983 0
-0.131837 -0.186182 0
-0.0986532 -0.204462 0
-0.0522382 -0.15836 0
-0.00979753 -0.0448417 0
-0.000681102 0.0282792 0
-0.0031893 0.0585053 0
-0.00805171 0.0712723 0
-0.013814 0.0753602 0
-0.0193425 0.0767527 0
-0.0245093 0.0786122 0
-0.029658 0.0822619 0
-0.0352999 0.0880051 0
-0.0420374 0.0952525 0
-0.0505056 0.101865 0
-0.061321 0.103255 0
-0.0747379 0.0926193 0
-0.0903771 0.0629967 0
-0.107325 0.0101708 0
-0.122399 -0.0649468 0
-0.132093 -0.154844 0
-0.132256 -0.244904 0
-0.117069 -0.307951 0
-0.084932 -0.293948 0
-0.0278776 -0.133382 0
-0.00381915 0.0192954 0
-0.00826695 0.0514834 0
-0.0101305 0.0745363 0
-0.0111056 0.0868017 0
-0.0125431 0.0921405 0
-0.0134284 0.0948663 0
-0.0128911 0.0980351 0
-0.0105598 0.103265 0
-0.00631409 0.11078 0
-0.000422596 0.119354 0
0.00626966 0.125467 0
0.0123169 0.123301 0
0.0156648 0.105824 0
0.0133143 0.0665986 0
0.00384608 0.00140605 0
-0.0137796 -0.0938199 0
-0.0351164 -0.211763 0
-0.0522228 -0.331938 0
-0.0643295 -0.401609 0
-0.0309568 -0.290494 0
-0.0226938 0.0838523 0
-0.0485943 0.0981361 0
-0.0614892 0.0861797 0
-0.0607981 0.0794824 0
-0.0536412 0.0745181 0
-0.042267 0.0705678 0
-0.0279188 0.0685012 0
-0.0111346 0.0687722 0
0.0083354 0.0711806 0
0.0305669 0.0746786 0
0.0548203 0.077145 0
0.0799312 0.0750441 0
0.103664 0.0640987 0
0.123686 0.0396532 0
0.130727 -0.00192232 0
0.12855 -0.0599928 0
0.110184 -0.132036 0
0.0843046 -0.225135 0
0.0199949 -0.333426 0
0.00175534 -0.334364 0
0.0692644 0.0818911 0
0.0713788 0.0960209 0
0.123828 0.0876917 0
0.17157 0.0779786 0
0.209439 0.0691064 0
0.24143 0.0611881 0
0.270175 0.0542865 0
0.2973 0.0484632 0
0.323 0.0437848 0
0.348693 0.040042 0
0.372734 0.0369139 0
0.397189 0.0336449 0
0.416239 0.0292657 0
0.433749 0.0222369 0
0.436052 0.011379 0
0.431695 -0.00456709 0
0.396903 -0.0244679 0
0.347996 -0.0524194 0
0.230724 -0.0806223 0
0.128732 -0.114392 0
