-8.58904e-08 -1.84854e-06 0
-1.68313e-05 1.45127e-05 0
-6.2168e-05 3.25303e-05 0
-0.000126417 4.4865e-05 0
-0.000200024 4.99994e-05 0
-0.0002741 4.85954e-05 0
-0.00034112 4.20405e-05 0
-0.00039533 3.1821e-05 0
-0.000432748 1.92561e-05 0
-0.000450945 5.44606e-06 0
-0.000448852 -8.66406e-06 0
-0.000426647 -2.21807e-05 0
-0.000385769 -3.41526e-05 0
-0.00032902 -4.34804e-05 0
-0.000260743 -4.88796e-05 0
-0.000186974 -4.89673e-05 0
-0.000115343 -4.25714e-05 0
-5.44908e-05 -2.93923e-05 0
-1.31336e-05 -1.14525e-05 0
7.96594e-07 3.51472e-06 0
-1.13158e-05 3.63719e-05 0
-6.84156e-05 0.000127216 0
-0.000180903 0.000202579 0
-0.000324289 0.000248594 0
-0.000479385 0.000263285 0
-0.000631011 0.000249983 0
-0.000766331 0.000214156 0
-0.000875168 0.000161722 0
-0.000950214 9.82277e-05 0
-0.000986875 2.86392e-05 0
-0.000983067 -4.25142e-05 0
-0.000939109 -0.000110848 0
-0.000857733 -0.000171814 0
-0.000744204 -0.000220465 0
-0.000606478 -0.000251415 0
-0.000455254 -0.000259184 0
-0.000303594 -0.00023918 0
-0.000166335 -0.000189504 0
-6.11398e-05 -0.000114138 0
-9.53334e-06 -2.90095e-05 0
-1.80906e-05 0.00013033 0
-0.000105952 0.000359845 0
-0.000275113 0.000527303 0
-0.000486556 0.000621295 0
-0.000711569 0.000643897 0
-0.00092898 0.000604205 0
-0.00112145 0.000514406 0
-0.00127538 0.000387299 0
-0.00138102 0.00023501 0
-0.00143225 6.86645e-05 0
-0.00142628 -0.000101345 0
-0.00136354 -0.000264849 0
-0.00124775 -0.000411383 0
-0.00108608 -0.000529811 0
-0.000889332 -0.000608316 0
-0.000672108 -0.000635059 0
-0.000452312 -0.000599835 0
-0.000250766 -0.000496858 0
-9.37782e-05 -0.000328782 0
-1.51348e-05 -0.000112555 0
-2.54197e-05 0.000258687 0
-0.000148744 0.000679832 0
-0.000385251 0.000971807 0
-0.000678992 0.00112745 0
-0.000989604 0.00115677 0
-0.00128811 0.00107833 0
-0.00155125 0.000914108 0
-0.00176099 0.000686174 0
-0.00190443 0.000415156 0
-0.00197343 0.000119994 0
-0.00196422 -0.000181486 0
-0.00187731 -0.000471709 0
-0.00171766 -0.000732534 0
-0.00149492 -0.000944699 0
-0.00122386 -0.00108782 0
-0.000924485 -0.00114136 0
-0.000621478 -0.00108706 0
-0.000343698 -0.000912886 0
-0.000127692 -0.000618561 0
-2.02346e-05 -0.000223249 0
-3.67515e-05 0.000439433 0
-0.000212844 0.00112834 0
-0.000548114 0.00159162 0
-0.000962057 0.00182959 0
-0.00139766 0.00186504 0
-0.00181482 0.00173079 0
-0.00218177 0.00146267 0
-0.0024739 0.00109541 0
-0.00267355 0.00066095 0
-0.00276935 0.000188535 0
-0.00275575 -0.00029408 0
-0.0026331 -0.000759213 0
-0.00240804 -0.00117803 0
-0.00209405 -0.00151979 0
-0.00171209 -0.00175196 0
-0.00129073 -0.00184177 0
-0.000865237 -0.00175972 0
-0.000476574 -0.00148536 0
-0.000175857 -0.00101503 0
-2.74375e-05 -0.000373013 0
-5.49769e-05 0.000702544 0
-0.000312779 0.00177402 0
-0.000798247 0.00247729 0
-0.00139335 0.00282731 0
-0.00201653 0.00286758 0
-0.00261176 0.00265225 0
-0.00313507 0.00223679 0
-0.00355231 0.00167315 0
-0.00383853 0.00100833 0
-0.00397703 0.000285391 0
-0.00395891 -0.000454335 0
-0.00378356 -0.0011688 0
-0.00345964 -0.00181346 0
-0.00300627 -0.00234042 0
-0.00245412 -0.002699 0
-0.00184554 -0.00283848 0
-0.0012328 -0.00271368 0
-0.000675835 -0.00229327 0
-0.000247654 -0.00157093 0
-3.80725e-05 -0.00058102 0
-8.35921e-05 0.00109419 0
-0.000465757 0.00272078 0
-0.00117619 0.00376408 0
-0.0020404 0.00426811 0
-0.00294123 0.00431042 0
-0.00380053 0.00397722 0
-0.00455746 0.00335163 0
-0.00516424 0.00250873 0
-0.00558488 0.00151519 0
-0.00579378 0.000432227 0
-0.00577551 -0.000680212 0
-0.00552616 -0.00175922 0
-0.00505591 -0.0027362 0
-0.00439159 -0.00353627 0
-0.00357891 -0.0040801 0
-0.00268262 -0.00428943 0
-0.001783 -0.00409649 0
-0.000970644 -0.00345683 0
-0.000351906 -0.0023648 0
-5.28518e-05 -0.000874534 0
-0.000127416 0.00168182 0
-0.000694528 0.00411755 0
-0.00173446 0.00564405 0
-0.00299006 0.00636083 0
-0.00429438 0.00640145 0
-0.00553976 0.00590006 0
-0.00664297 0.00497802 0
-0.00753736 0.00374023 0
-0.00817024 0.00227771 0
-0.00850097 0.000674358 0
-0.00850096 -0.000985069 0
-0.00815701 -0.00260736 0
-0.00747733 -0.00408601 0
-0.00649775 -0.00530155 0
-0.00528653 -0.00612661 0
-0.00394541 -0.00643771 0
-0.00260269 -0.00613321 0
-0.00140099 -0.00515464 0
-0.00049866 -0.00350801 0
-7.17845e-05 -0.00128871 0
-0.000192862 0.00256133 0
-0.00102811 0.00617133 0
-0.00253867 0.00838151 0
-0.00435052 0.00939341 0
-0.00622994 0.00943124 0
-0.00803241 0.00869983 0
-0.00964685 0.0073716 0
-0.0109815 0.0055872 0
-0.0119588 0.00346445 0
-0.0125124 0.00111247 0
-0.0125879 -0.00135345 0
-0.012148 -0.00379805 0
-0.0111871 -0.00605403 0
-0.00974619 -0.00792528 0
-0.00792432 -0.00919842 0
-0.00588424 -0.00966877 0
-0.0038405 -0.00917895 0
-0.00203084 -0.00765959 0
-0.000700393 -0.00515928 0
-9.31413e-05 -0.00186599 0
-0.000287361 0.00386372 0
-0.00149873 0.00915815 0
-0.00366046 0.0123267 0
-0.00624049 0.0137507 0
-0.00892088 0.0137982 0
-0.0115155 0.012776 0
-0.0138825 0.0109213 0
-0.0158992 0.00841221 0
-0.0174527 0.00538874 0
-0.0184346 0.00197975 0
-0.0187422 -0.00166979 0
-0.018282 -0.00537396 0
-0.016999 -0.00886922 0
-0.0149172 -0.0118251 0
-0.0121654 -0.0138651 0
-0.00900152 -0.0146226 0
-0.00579987 -0.0138316 0
-0.00298846 -0.0114196 0
-0.000977918 -0.00755758 0
-0.000111144 -0.00265379 0
-0.000417021 0.00575509 0
-0.00213149 0.0134206 0
-0.00515508 0.0179139 0
-0.00875488 0.0199194 0
-0.0125158 0.0200274 0
-0.0162131 0.0186876 0
-0.0196789 0.016215 0
-0.0227606 0.012817 0
-0.0253012 0.00863378 0
-0.027131 0.00378714 0
-0.0280674 -0.00156681 0
-0.0278933 -0.0071883 0
-0.0264123 -0.0126999 0
-0.0235572 -0.0175437 0
-0.0194401 -0.0210223 0
-0.0144385 -0.022414 0
-0.0092157 -0.0211901 0
-0.00460561 -0.0172646 0
-0.00139359 -0.0111192 0
-0.000113981 -0.00370655 0
-0.000581574 0.00842051 0
-0.00292344 0.0193357 0
-0.00701722 0.0256279 0
-0.0118963 0.0284661 0
-0.0170483 0.0287731 0
-0.0222296 0.0271968 0
-0.0272707 0.0241417 0
-0.0320103 0.0198228 0
-0.0362565 0.0143317 0
-0.0397569 0.00771423 0
-0.0421871 6.08683e-05 0
-0.0431367 -0.00839961 0
-0.042102 -0.0172269 0
-0.0386737 -0.0255113 0
-0.0327668 -0.0319493 0
-0.0248211 -0.0350151 0
-0.0159526 -0.0334522 0
-0.00783091 -0.0269837 0
-0.00218111 -0.0167738 0
-9.19956e-05 -0.00514082 0
-0.000764451 0.0120093 0
-0.00380552 0.0272122 0
-0.00910218 0.0358824 0
-0.0154479 0.0399145 0
-0.0222547 0.0407138 0
-0.0293048 0.0392049 0
-0.0364853 0.0359025 0
-0.0436899 0.0309978 0
-0.0507478 0.0244489 0
-0.057344 0.0160738 0
-0.0629679 0.0056744 0
-0.0669102 -0.00676727 0
-0.0680392 -0.0208144 0
-0.06509 -0.0353181 0
-0.0574218 -0.047976 0
-0.0452601 -0.0555716 0
-0.03016 -0.0549229 0
-0.0151391 -0.0446444 0
-0.0040974 -0.0269246 0
-6.82784e-05 -0.007385 0
-0.000932011 0.0165686 0
-0.00463024 0.0371811 0
-0.0110804 0.0489095 0
-0.0188688 0.054653 0
-0.0273753 0.0564884 0
-0.036481 0.0557312 0
-0.0462334 0.0530565 0
-0.0567111 0.048616 0
-0.0679045 0.0421273 0
-0.0795351 0.0329368 0
-0.090817 0.0201221 0
-0.100322 0.00280838 0
-0.106176 -0.0191394 0
-0.106056 -0.0443321 0
-0.0980572 -0.0690715 0
-0.0816668 -0.0873316 0
-0.0581992 -0.0920491 0
-0.0316141 -0.078072 0
-0.00928672 -0.0472039 0
-0.000250929 -0.0118112 0
-0.00101317 0.0218381 0
-0.00510327 0.0487691 0
-0.0122997 0.064097 0
-0.0210525 0.0719666 0
-0.0307666 0.0753936 0
-0.0414843 0.0763029 0
-0.0534959 0.075661 0
-0.067166 0.0735938 0
-0.0827446 0.0694044 0
-0.100067 0.0615013 0
-0.118142 0.0474568 0
-0.134846 0.0246481 0
-0.147191 -0.00824494 0
-0.152285 -0.0495367 0
-0.147644 -0.0938016 0
-0.13125 -0.131964 0
-0.102395 -0.151705 0
-0.0634039 -0.139865 0
-0.0234029 -0.0907239 0
-0.00220996 -0.0233832 0
-0.00107432 0.0274673 0
-0.00539036 0.0611995 0
-0.0128976 0.0805758 0
-0.0217145 0.0912302 0
-0.0311567 0.0971806 0
-0.0414438 0.101011 0
-0.0531107 0.104023 0
-0.0667251 0.106209 0
-0.0826863 0.106081 0
-0.100973 0.100557 0
-0.12081 0.085383 0
-0.140394 0.0564534 0
-0.157141 0.0116125 0
-0.168845 -0.0479944 0
-0.173493 -0.116728 0
-0.167101 -0.183956 0
-0.145098 -0.233175 0
-0.105146 -0.240742 0
-0.0528167 -0.180932 0
-0.0106503 -0.0571273 0
-0.00132463 0.0344839 0
-0.00525729 0.0755292 0
-0.0114214 0.096909 0
-0.0182246 0.107175 0
-0.0247465 0.11276 0
-0.0308341 0.117415 0
-0.0367162 0.122641 0
-0.0427831 0.128078 0
-0.0495198 0.131569 0
-0.057489 0.129258 0
-0.0672633 0.116192 0
-0.0794015 0.0875864 0
-0.0943293 0.0402191 0
-0.11122 -0.0267441 0
-0.127906 -0.111244 0
-0.139227 -0.206006 0
-0.139082 -0.296117 0
-0.120453 -0.351297 0
-0.0815087 -0.319046 0
-0.0257752 -0.140056 0
-0.00464258 0.0329 0
-0.0120777 0.0757862 0
-0.0176596 0.102969 0
-0.0202078 0.11768 0
-0.0203073 0.124829 0
-0.0180862 0.128915 0
-0.0134717 0.132657 0
-0.00655916 0.136829 0
0.00220735 0.140426 0
0.011911 0.140832 0
0.0210401 0.134299 0
0.027532 0.11665 0
0.0289764 0.0839151 0
0.022985 0.0323067 0
0.00783257 -0.0427571 0
-0.0145985 -0.143552 0
-0.0404644 -0.264462 0
-0.0607948 -0.381262 0
-0.0678689 -0.429778 0
-0.0317534 -0.275883 0
-0.0210567 0.100309 0
-0.0487353 0.132204 0
-0.0581826 0.121433 0
-0.0526567 0.110868 0
-0.0392351 0.103087 0
-0.0210307 0.0972872 0
0.000506464 0.0935976 0
0.0246425 0.0918085 0
0.0507559 0.0909514 0
0.0779883 0.0892702 0
0.105094 0.0843501 0
0.130177 0.0733598 0
0.150749 0.0533848 0
0.162737 0.0214623 0
0.162723 -0.0251308 0
0.150261 -0.0876896 0
0.122203 -0.169678 0
0.0790752 -0.276944 0
0.0111698 -0.382625 0
-0.00582489 -0.337932 0
0.0772924 0.0849256 0
0.0861067 0.106628 0
0.147981 0.0986772 0
0.206836 0.087397 0
0.254421 0.0768418 0
0.294717 0.06753 0
0.330986 0.0596049 0
0.3648 0.0530834 0
0.396791 0.047772 0
0.427164 0.0433076 0
0.45536 0.0390543 0
0.480472 0.0342917 0
0.500048 0.0278809 0
0.512017 0.0190856 0
0.510703 0.00623857 0
0.494634 -0.0102379 0
0.450048 -0.0337266 0
0.381488 -0.0607667 0
0.246498 -0.101981 0
0.132633 -0.135064 0
