4.23195e-06 -1.0065e-05 0
1.67125e-05 -1.79079e-05 0
3.07985e-05 -1.69531e-05 0
4.01133e-05 -1.18776e-05 0
4.17269e-05 -5.89379e-06 0
3.68698e-05 -9.98121e-07 0
2.83146e-05 1.83525e-06 0
1.93129e-05 2.43739e-06 0
1.28078e-05 1.21825e-06 0
1.08532e-05 -1.04687e-06 0
1.42571e-05 -3.4075e-06 0
2.24614e-05 -4.90621e-06 0
3.36456e-05 -4.73733e-06 0
4.50317e-05 -2.40027e-06 0
5.33881e-05 2.14834e-06 0
5.56972e-05 8.34297e-06 0
4.99569e-05 1.486e-05 0
3.6257e-05 1.94978e-05 0
1.84527e-05 1.91711e-05 0
4.65743e-06 1.0221e-05 0
4.68213e-06 -2.92173e-05 0
1.30771e-05 -4.48207e-05 0
1.4385e-05 -3.32848e-05 0
2.4912e-06 -1.02615e-05 0
-2.28405e-05 1.29848e-05 0
-5.7265e-05 2.92468e-05 0
-9.43439e-05 3.50517e-05 0
-0.000127171 3.00892e-05 0
-0.000149721 1.64653e-05 0
-0.000157881 -2.10379e-06 0
-0.000150078 -2.10937e-05 0
-0.000127499 -3.59427e-05 0
-9.38904e-05 -4.27906e-05 0
-5.49704e-05 -3.91711e-05 0
-1.74898e-05 -2.46421e-05 0
1.19635e-05 -1.32917e-06 0
2.83086e-05 2.56795e-05 0
2.95733e-05 4.81671e-05 0
1.8971e-05 5.49439e-05 0
5.76149e-06 3.25122e-05 0
2.23237e-06 -3.90837e-05 0
-4.71117e-06 -3.81549e-05 0
-3.69702e-05 6.39496e-06 0
-9.53546e-05 6.4294e-05 0
-0.000174113 0.000113719 0
-0.000263065 0.000140988 0
-0.000350005 0.000140097 0
-0.000422916 0.000111735 0
-0.000471831 6.18252e-05 0
-0.000490193 -1.58399e-07 0
-0.000475657 -6.2952e-05 0
-0.000430337 -0.000115262 0
-0.000360483 -0.00014746 0
-0.000275622 -0.000153155 0
-0.000187217 -0.000130569 0
-0.000106947 -8.36187e-05 0
-4.47434e-05 -2.25597e-05 0
-6.69021e-06 3.59638e-05 0
7.1783e-06 6.9462e-05 0
4.26553e-06 5.05696e-05 0
-1.95457e-06 -2.6713e-05 0
-3.47164e-05 3.43128e-05 0
-0.000123605 0.000148131 0
-0.000259988 0.000264815 0
-0.000427547 0.00034973 0
-0.000606158 0.000382557 0
-0.000774218 0.000356159 0
-0.00091159 0.000274774 0
-0.00100219 0.000151494 0
-0.00103579 5.37471e-06 0
-0.001009 -0.0001416 0
-0.000925538 -0.000267565 0
-0.000795729 -0.000353732 0
-0.000635253 -0.000387139 0
-0.000463206 -0.000363039 0
-0.000299575 -0.000286725 0
-0.000162295 -0.000174567 0
-6.42413e-05 -5.39812e-05 0
-1.07486e-05 3.76177e-05 0
2.36488e-06 5.44487e-05 0
-9.33046e-06 2.23366e-05 0
-8.63596e-05 0.000216366 0
-0.000271049 0.000459104 0
-0.000537795 0.000673132 0
-0.000852299 0.000807759 0
-0.00117804 0.000836063 0
-0.00147828 0.000752275 0
-0.00171995 0.000568492 0
-0.0018773 0.000310508 0
-0.00193428 1.32174e-05 0
-0.0018859 -0.000284158 0
-0.0017385 -0.00054285 0
-0.00150904 -0.000729273 0
-0.00122331 -0.000819467 0
-0.000913038 -0.000803013 0
-0.000612046 -0.000686049 0
-0.000351606 -0.000492954 0
-0.000155826 -0.000266272 0
-3.85324e-05 -6.49566e-05 0
-2.83286e-07 3.82382e-05 0
-2.32961e-05 0.000136632 0
-0.000178566 0.000587576 0
-0.000527857 0.00105705 0
-0.00101456 0.00142917 0
-0.00157366 0.00163356 0
-0.00214205 0.00163793 0
-0.00265902 0.00144255 0
-0.00307129 0.00107445 0
-0.00333788 0.000580901 0
-0.00343347 2.24478e-05 0
-0.00335012 -0.00053413 0
-0.0030979 -0.00102293 0
-0.00270405 -0.00138621 0
-0.00221052 -0.00158145 0
-0.00166975 -0.00158777 0
-0.00113869 -0.00141101 0
-0.000671274 -0.00108671 0
-0.000310911 -0.000680001 0
-8.61486e-05 -0.000282807 0
-5.15363e-06 -9.78996e-06 0
-4.96e-05 0.000369472 0
-0.000342298 0.00128871 0
-0.000971991 0.00214399 0
-0.00182639 0.0027681 0
-0.00278902 0.00306899 0
-0.00375471 0.00301336 0
-0.00462599 0.00261593 0
-0.00531854 0.00192987 0
-0.00576776 0.00103708 0
-0.00593301 3.84319e-05 0
-0.00580022 -0.000956034 0
-0.00538336 -0.00183705 0
-0.00472418 -0.00250715 0
-0.00388933 -0.00289189 0
-0.00296454 -0.00295065 0
-0.00204546 -0.00268582 0
-0.00122517 -0.0021483 0
-0.000581374 -0.00143797 0
-0.000169629 -0.000698987 0
-1.36532e-05 -0.000113315 0
-9.75001e-05 0.000813738 0
-0.000625368 0.00255548 0
-0.00172107 0.00405035 0
-0.00317603 0.00506911 0
-0.00479067 0.00550167 0
-0.00639609 0.00532444 0
-0.00784053 0.00458082 0
-0.00899366 0.00336649 0
-0.00975434 0.00181619 0
-0.0100561 9.14159e-05 0
-0.00987092 -0.00163181 0
-0.00921304 -0.00317588 0
-0.0081414 -0.00437756 0
-0.00675757 -0.00510604 0
-0.00519911 -0.00528194 0
-0.00362607 -0.00489473 0
-0.00220026 -0.0040146 0
-0.00106252 -0.00279485 0
-0.000320411 -0.00146442 0
-2.97505e-05 -0.000316557 0
-0.000181139 0.00162308 0
-0.001097 0.00476317 0
-0.00294044 0.00729125 0
-0.00534443 0.00891709 0
-0.00798181 0.00952969 0
-0.0105926 0.00913703 0
-0.0129494 0.00783312 0
-0.0148564 0.00577744 0
-0.0161569 0.00317941 0
-0.0167398 0.000285752 0
-0.0165456 -0.0026316 0
-0.0155748 -0.00529001 0
-0.0138985 -0.00741739 0
-0.0116608 -0.00878112 0
-0.00907537 -0.00922241 0
-0.00640729 -0.00869155 0
-0.00393983 -0.00727538 0
-0.00193295 -0.00520692 0
-0.000598234 -0.00285471 0
-6.10087e-05 -0.000701807 0
-0.00031991 0.00303718 0
-0.0018464 0.00847489 0
-0.00483585 0.0126243 0
-0.00867587 0.0151667 0
-0.0128559 0.0160338 0
-0.0169958 0.0153044 0
-0.0207705 0.0131534 0
-0.0238964 0.00982663 0
-0.0261352 0.00562729 0
-0.0272993 0.000909973 0
-0.0272615 -0.00392458 0
-0.0259732 -0.00844002 0
-0.0234902 -0.0121865 0
-0.019993 -0.0147463 0
-0.0157937 -0.0157952 0
-0.0113213 -0.0151757 0
-0.00707058 -0.0129629 0
-0.00352836 -0.00949876 0
-0.00111931 -0.00538196 0
-0.000123289 -0.00142777 0
-0.00053535 0.00540051 0
-0.00296469 0.0144683 0
-0.00760734 0.0210769 0
-0.0134989 0.0249756 0
-0.0198867 0.0262272 0
-0.026248 0.0250451 0
-0.0321459 0.0217212 0
-0.0371885 0.0166019 0
-0.0410234 0.0100867 0
-0.0433387 0.00264273 0
-0.0438773 -0.00517855 0
-0.0424667 -0.0127355 0
-0.0390762 -0.0192995 0
-0.0338759 -0.024124 0
-0.0272757 -0.0265472 0
-0.0199322 -0.0261383 0
-0.0126898 -0.0228549 0
-0.00645921 -0.0171526 0
-0.00210349 -0.00999973 0
-0.000248795 -0.00280263 0
-0.000840518 0.00914845 0
-0.00449502 0.0236866 0
-0.0113334 0.0338756 0
-0.0199341 0.0397345 0
-0.0292571 0.0416102 0
-0.0386357 0.0399436 0
-0.0475254 0.0351798 0
-0.0554191 0.027756 0
-0.0618196 0.0181312 0
-0.0662326 0.00684354 0
-0.0681869 -0.00542394 0
-0.0672632 -0.0177937 0
-0.0631999 -0.0291381 0
-0.0560368 -0.0381671 0
-0.0462024 -0.0435732 0
-0.0345966 -0.0442968 0
-0.0225701 -0.0398738 0
-0.0117733 -0.0307553 0
-0.00395019 -0.0184506 0
-0.000501228 -0.00541672 0
-0.00121888 0.0147156 0
-0.00634243 0.0370303 0
-0.0157711 0.0521762 0
-0.027561 0.0607761 0
-0.0403766 0.0636894 0
-0.0534384 0.0617073 0
-0.0661313 0.0554569 0
-0.0778561 0.0454182 0
-0.0879685 0.0320085 0
-0.0957532 0.0157138 0
-0.10045 -0.00274673 0
-0.101244 -0.0222545 0
-0.0974397 -0.0412494 0
-0.0887253 -0.0576619 0
-0.0753095 -0.0690881 0
-0.0581691 -0.073194 0
-0.0391889 -0.0683732 0
-0.0211212 -0.0545485 0
-0.00735948 -0.0337988 0
-0.00100852 -0.0103752 0
-0.00160097 0.0223285 0
-0.0081781 0.0549281 0
-0.0201401 0.0765116 0
-0.0350386 0.0887447 0
-0.0512843 0.093292 0
-0.0680516 0.0914479 0
-0.0847332 0.084046 0
-0.100722 0.0715302 0
-0.115304 0.0541229 0
-0.127578 0.0320622 0
-0.136424 0.00588906 0
-0.140664 -0.0232538 0
-0.139095 -0.053411 0
-0.130669 -0.0816309 0
-0.11492 -0.104 0
-0.0923724 -0.116042 0
-0.0650112 -0.11366 0
-0.0367187 -0.0947428 0
-0.0135158 -0.0611396 0
-0.00204401 -0.0197228 0
-0.00187332 0.031712 0
-0.00946452 0.0767343 0
-0.0231343 0.10596 0
-0.0400179 0.122536 0
-0.0583491 0.129266 0
-0.0773467 0.128141 0
-0.0965355 0.120254 0
-0.11546 0.105953 0
-0.13354 0.0851167 0
-0.149953 0.0575139 0
-0.163552 0.0232051 0
-0.172865 -0.0170223 0
-0.176201 -0.0611698 0
-0.171731 -0.105715 0
-0.157787 -0.145283 0
-0.133502 -0.172637 0
-0.0996963 -0.179433 0
-0.0602916 -0.158467 0
-0.0241878 -0.108095 0
-0.00420614 -0.0371749 0
-0.00203204 0.042045 0
-0.00996248 0.100465 0
-0.0238004 0.137499 0
-0.0402672 0.158228 0
-0.0574952 0.166996 0
-0.0748929 0.166737 0
-0.0923227 0.15894 0
-0.109749 0.143922 0
-0.127081 0.12121 0
-0.14403 0.0899943 0
-0.159949 0.04959 0
-0.173684 -5.50276e-05 0
-0.183612 -0.0577983 0
-0.18747 -0.120483 0
-0.182326 -0.182285 0
-0.165068 -0.233748 0
-0.133523 -0.26133 0
-0.0889647 -0.248798 0
-0.0407528 -0.183457 0
-0.0086033 -0.0690043 0
-0.00272879 0.0530763 0
-0.0113128 0.124115 0
-0.0239815 0.166577 0
-0.03675 0.188638 0
-0.0479788 0.197076 0
-0.0576676 0.196205 0
-0.0663045 0.188145 0
-0.0745262 0.173379 0
-0.0830344 0.151287 0
-0.0925124 0.12059 0
-0.103474 0.0797411 0
-0.116062 0.02744 0
-0.129636 -0.0368942 0
-0.142633 -0.112253 0
-0.152062 -0.194659 0
-0.153071 -0.275128 0
-0.13958 -0.33695 0
-0.107184 -0.353376 0
-0.0596833 -0.290542 0
-0.0161041 -0.124963 0
-0.00663468 0.0677661 0
-0.0208502 0.146037 0
-0.0337799 0.186885 0
-0.0394923 0.204829 0
-0.0379622 0.208793 0
-0.0314904 0.20417 0
-0.0221311 0.19382 0
-0.0115538 0.178734 0
-0.00130756 0.158595 0
0.00694961 0.132236 0
0.0116151 0.0979466 0
0.0111772 0.0536714 0
0.00413612 -0.00289299 0
-0.010315 -0.0741428 0
-0.0313243 -0.160777 0
-0.0554361 -0.259589 0
-0.0753182 -0.357976 0
-0.0809817 -0.425348 0
-0.0637152 -0.404738 0
-0.0232854 -0.213569 0
-0.0175509 0.134939 0
-0.0434181 0.208022 0
-0.0420747 0.209068 0
-0.0212278 0.193831 0
0.00943587 0.17632 0
0.0445982 0.159289 0
0.0813242 0.143138 0
0.117553 0.127366 0
0.151571 0.110941 0
0.181736 0.0925292 0
0.206281 0.0706841 0
0.223059 0.0437692 0
0.228816 0.00989273 0
0.221929 -0.033315 0
0.200049 -0.0901546 0
0.161373 -0.166588 0
0.10672 -0.265202 0
0.0418485 -0.370053 0
-0.0122065 -0.422257 0
-0.0114925 -0.288495 0
0.0930759 0.0940873 0
0.121405 0.130957 0
0.205949 0.124513 0
0.291748 0.109543 0
0.363776 0.0942022 0
0.424382 0.0803204 0
0.47678 0.068272 0
0.522442 0.0578853 0
0.561803 0.0487018 0
0.594751 0.040128 0
0.620689 0.0315292 0
0.638601 0.0222514 0
0.646711 0.0115618 0
0.642843 -0.000893315 0
0.622152 -0.0163655 0
0.579244 -0.0368664 0
0.507882 -0.0652651 0
0.394432 -0.108704 0
0.233235 -0.165433 0
0.12511 -0.14867 0
