3.02382e-06 -5.48306e-06 0
2.05362e-05 -2.04619e-05 0
5.69362e-05 -3.14278e-05 0
0.000103235 -3.64306e-05 0
0.000151243 -3.63099e-05 0
0.0001957 -3.25732e-05 0
0.000233389 -2.66212e-05 0
0.000262518 -1.95094e-05 0
0.000282267 -1.19006e-05 0
0.000292355 -4.12075e-06 0
0.000292699 3.72152e-06 0
0.000283234 1.15856e-05 0
0.000263927 1.93422e-05 0
0.000234986 2.66278e-05 0
0.000197214 3.27332e-05 0
0.000152458 3.65586e-05 0
0.000104042 3.66735e-05 0
5.73748e-05 3.15684e-05 0
2.07594e-05 2.04442e-05 0
3.10548e-06 5.36979e-06 0
1.20476e-05 -4.26516e-05 0
5.47588e-05 -0.000110002 0
0.00012581 -0.000150984 0
0.00020794 -0.000166452 0
0.000288252 -0.000161798 0
0.000359741 -0.000143276 0
0.000418651 -0.00011635 0
0.000463259 -8.50703e-05 0
0.000493143 -5.19496e-05 0
0.000508462 -1.81976e-05 0
0.000509368 1.58228e-05 0
0.000495708 5.00102e-05 0
0.000467053 8.39055e-05 0
0.000423054 0.000116125 0
0.00036407 0.000143937 0
0.000291908 0.000163081 0
0.000210534 0.000167938 0
0.000127249 0.000152211 0
5.52784e-05 0.000110626 0
1.21275e-05 4.26656e-05 0
1.48256e-05 -0.000110326 0
6.31454e-05 -0.000252575 0
0.000136777 -0.000325877 0
0.000213912 -0.000344473 0
0.000280848 -0.000324129 0
0.000332826 -0.000279405 0
0.000369706 -0.00022193 0
0.000393709 -0.000159638 0
0.000407979 -9.67956e-05 0
0.000415312 -3.46522e-05 0
0.000417196 2.74714e-05 0
0.000413331 9.08372e-05 0
0.000401683 0.000155876 0
0.000379066 0.000220885 0
0.000342177 0.000281023 0
0.000288908 0.000327776 0
0.000219774 0.00034906 0
0.000140122 0.000330112 0
6.438e-05 0.000255328 0
1.50156e-05 0.000111086 0
1.40442e-05 -0.000177305 0
4.98244e-05 -0.000377588 0
8.84494e-05 -0.000458297 0
0.000109613 -0.000455462 0
0.000105052 -0.000401558 0
7.78278e-05 -0.000323318 0
3.69279e-05 -0.000240049 0
-6.33645e-06 -0.000163018 0
-4.09902e-05 -9.60301e-05 0
-5.85989e-05 -3.69637e-05 0
-5.4843e-05 2.00106e-05 0
-3.02889e-05 8.18224e-05 0
9.70237e-06 0.000153785 0
5.59211e-05 0.000237065 0
9.70304e-05 0.000326622 0
0.000121861 0.000409887 0
0.000122079 0.000466461 0
9.57412e-05 0.000468974 0
5.26263e-05 0.000385056 0
1.45135e-05 0.000179753 0
8.78796e-06 -0.000221246 0
6.61795e-06 -0.000419512 0
-4.47269e-05 -0.000447545 0
-0.000155511 -0.00037479 0
-0.000318886 -0.000258383 0
-0.000515086 -0.000141567 0
-0.000717457 -5.22207e-05 0
-0.000897843 -2.71696e-06 0
-0.00103113 8.38757e-06 0
-0.00109885 -6.76908e-06 0
-0.00109168 -2.94553e-05 0
-0.00101065 -3.90133e-05 0
-0.000866968 -1.76785e-05 0
-0.000680564 4.48732e-05 0
-0.000477333 0.000147667 0
-0.000285316 0.000275674 0
-0.000130123 0.000398591 0
-2.95023e-05 0.000471546 0
1.26987e-05 0.00043712 0
9.886e-06 0.000227553 0
-4.28088e-06 -0.000206253 0
-8.63039e-05 -0.000273562 0
-0.000316235 -0.000132439 0
-0.000679995 9.66496e-05 0
-0.00113995 0.000321308 0
-0.00164565 0.000477119 0
-0.00213966 0.000528246 0
-0.0025653 0.000466421 0
-0.00287392 0.000307263 0
-0.00303056 8.45446e-05 0
-0.00301771 -0.000156888 0
-0.00283704 -0.000368975 0
-0.0025093 -0.000508525 0
-0.00207202 -0.000544937 0
-0.00157545 -0.000466967 0
-0.00107647 -0.000287935 0
-0.000630997 -4.86351e-05 0
-0.000286073 0.000182654 0
-7.37893e-05 0.000311966 0
-1.86784e-06 0.000220975 0
-3.11884e-05 -7.02691e-05 0
-0.000262504 0.000234244 0
-0.000813661 0.000748875 0
-0.00162184 0.00127738 0
-0.00259326 0.0016789 0
-0.00362526 0.00186382 0
-0.00461014 0.00179199 0
-0.00544567 0.00146944 0
-0.00604623 0.000941206 0
-0.0063511 0.000281646 0
-0.00632987 -0.00041716 0
-0.00598504 -0.00105795 0
-0.00535188 -0.00155116 0
-0.00449532 -0.00182747 0
-0.00350401 -0.00184905 0
-0.00248126 -0.00161884 0
-0.0015332 -0.00118646 0
-0.000757452 -0.000650042 0
-0.000238192 -0.000155482 0
-2.6177e-05 0.000102353 0
-8.13584e-05 0.00029034 0
-0.00057282 0.00138432 0
-0.00166687 0.0026094 0
-0.00321164 0.0036617 0
-0.00501765 0.00433762 0
-0.00689832 0.00452124 0
-0.00866803 0.00417758 0
-0.0101554 0.0033449 0
-0.0112194 0.00212221 0
-0.0117608 0.000653598 0
-0.0117297 -0.000889626 0
-0.0111291 -0.00232795 0
-0.0100151 -0.00349326 0
-0.00849278 -0.00424825 0
-0.00670861 -0.00450451 0
-0.00483726 -0.00423816 0
-0.00306417 -0.00350123 0
-0.00156985 -0.00242698 0
-0.000528796 -0.00123238 0
-7.16459e-05 -0.00022465 0
-0.000168638 0.00104073 0
-0.00108901 0.00360964 0
-0.00305489 0.00607389 0
-0.00576208 0.00798551 0
-0.00886659 0.00906674 0
-0.0120534 0.00918173 0
-0.0150219 0.00832032 0
-0.0175009 0.00658276 0
-0.0192701 0.00415925 0
-0.0201756 0.00130606 0
-0.0201387 -0.00168036 0
-0.0191615 -0.00449072 0
-0.0173274 -0.00683111 0
-0.0147971 -0.00845174 0
-0.0117992 -0.00917484 0
-0.00861309 -0.00892036 0
-0.00554423 -0.00772644 0
-0.00290384 -0.00576197 0
-0.00101606 -0.00333597 0
-0.000151231 -0.000914664 0
-0.000312109 0.00243119 0
-0.00190577 0.00754705 0
-0.00520723 0.0120424 0
-0.00966544 0.0152912 0
-0.0146986 0.0169414 0
-0.0198045 0.016859 0
-0.0245216 0.0150952 0
-0.0284426 0.0118587 0
-0.0312406 0.00748444 0
-0.0326875 0.00239884 0
-0.0326643 -0.00291482 0
-0.0311677 -0.00795313 0
-0.028313 -0.0122307 0
-0.0243311 -0.0153203 0
-0.0195599 -0.0168944 0
-0.0144242 -0.0167658 0
-0.00940347 -0.0149238 0
-0.00500729 -0.0115604 0
-0.00179921 -0.0070941 0
-0.000283879 -0.00220642 0
-0.00053637 0.00482194 0
-0.00313847 0.0140848 0
-0.00839212 0.0217414 0
-0.0153645 0.0269712 0
-0.0231242 0.0293742 0
-0.0309106 0.028869 0
-0.038051 0.0256314 0
-0.043965 0.0200484 0
-0.0481935 0.012671 0
-0.0504154 0.00416933 0
-0.0504578 -0.00471075 0
-0.0483032 -0.0131919 0
-0.0440955 -0.0205121 0
-0.0381433 -0.0259771 0
-0.0309158 -0.0290185 0
-0.0230251 -0.0292565 0
-0.0151889 -0.0265612 0
-0.00820688 -0.0211058 0
-0.00301416 -0.0134186 0
-0.000496912 -0.0044566 0
-0.000870861 0.00870343 0
-0.00491399 0.0243893 0
-0.0128832 0.0367334 0
-0.0232791 0.04475 0
-0.0346793 0.0480713 0
-0.0459877 0.0467706 0
-0.0562776 0.0412539 0
-0.0647731 0.0321848 0
-0.0708704 0.0204203 0
-0.0741469 0.00695632 0
-0.0743642 -0.00711831 0
-0.0714745 -0.0206666 0
-0.0656321 -0.0325523 0
-0.0572083 -0.0416997 0
-0.0468035 -0.047169 0
-0.0352428 -0.048248 0
-0.0235448 -0.0445546 0
-0.0129128 -0.0361377 0
-0.00484285 -0.0235885 0
-0.000829786 -0.00818385 0
-0.00134898 0.0147046 0
-0.00735523 0.0398855 0
-0.0189008 0.0588391 0
-0.0336715 0.0705385 0
-0.0495871 0.0748318 0
-0.0651511 0.0721386 0
-0.0791747 0.0632649 0
-0.0907048 0.0492864 0
-0.0990209 0.0314664 0
-0.10362 0.0112007 0
-0.104199 -0.0100183 0
-0.100659 -0.0306288 0
-0.0931185 -0.0490332 0
-0.0819528 -0.0636493 0
-0.067837 -0.0729937 0
-0.0517805 -0.0758048 0
-0.0351284 -0.0712039 0
-0.0196045 -0.058883 0
-0.0075242 -0.0393322 0
-0.00134076 -0.0141264 0
-0.00201195 0.0235885 0
-0.0105723 0.0621677 0
-0.0265371 0.089908 0
-0.0464422 0.106055 0
-0.067369 0.111053 0
-0.0874107 0.106016 0
-0.105195 0.0924173 0
-0.119704 0.0719223 0
-0.130214 0.0462944 0
-0.136226 0.0173593 0
-0.137414 -0.0129926 0
-0.133607 -0.0427848 0
-0.124809 -0.0699359 0
-0.111266 -0.0922667 0
-0.0935637 -0.107559 0
-0.0727402 -0.113692 0
-0.0503747 -0.108869 0
-0.0287666 -0.0919477 0
-0.0113671 -0.0628829 0
-0.00212053 -0.0233222 0
-0.00293618 0.0362743 0
-0.0147032 0.0928502 0
-0.0357003 0.131358 0
-0.0608421 0.152045 0
-0.0862278 0.156717 0
-0.109684 0.147799 0
-0.129921 0.127839 0
-0.146148 0.0993015 0
-0.157901 0.0644953 0
-0.164882 0.0256026 0
-0.166857 -0.0152368 0
-0.163592 -0.0558051 0
-0.154873 -0.0936802 0
-0.140594 -0.126132 0
-0.120927 -0.150084 0
-0.0965484 -0.162189 0
-0.0689057 -0.159083 0
-0.0406928 -0.137869 0
-0.0167649 -0.0969467 0
-0.00332431 -0.0372408 0
-0.00432898 0.0539869 0
-0.0200836 0.133351 0
-0.0460722 0.18328 0
-0.0749423 0.206752 0
-0.101905 0.208474 0
-0.125065 0.193208 0
-0.143846 0.165122 0
-0.158246 0.127651 0
-0.168514 0.0835598 0
-0.17489 0.035117 0
-0.177437 -0.015672 0
-0.17594 -0.066791 0
-0.169894 -0.11592 0
-0.158585 -0.160136 0
-0.141297 -0.19565 0
-0.117647 -0.217657 0
-0.0880821 -0.220409 0
-0.0548939 -0.197724 0
-0.0241621 -0.144258 0
-0.00523722 -0.0579354 0
-0.00671033 0.0788235 0
-0.0273707 0.184314 0
-0.0563989 0.242268 0
-0.0837056 0.262787 0
-0.104665 0.256258 0
-0.119119 0.23114 0
-0.128374 0.19366 0
-0.13402 0.148113 0
-0.137526 0.0973135 0
-0.140005 0.0430547 0
-0.142047 -0.0134429 0
-0.143621 -0.0710957 0
-0.144011 -0.128489 0
-0.141823 -0.183348 0
-0.135087 -0.23192 0
-0.121534 -0.268321 0
-0.099186 -0.283989 0
-0.0679881 -0.267597 0
-0.0335335 -0.206128 0
-0.00832388 -0.0884121 0
-0.0110098 0.118152 0
-0.0361387 0.245847 0
-0.0590525 0.2968 0
-0.0701591 0.300729 0
-0.0692077 0.277433 0
-0.0603403 0.239331 0
-0.0478625 0.193878 0
-0.0352557 0.145133 0
-0.0251407 0.0949343 0
-0.0193317 0.0437646 0
-0.0188826 -0.00865302 0
-0.0240854 -0.0628907 0
-0.0343957 -0.119343 0
-0.048274 -0.177623 0
-0.0629824 -0.235654 0
-0.0744399 -0.288346 0
-0.0773631 -0.325877 0
-0.0666098 -0.331754 0
-0.0418005 -0.280557 0
-0.0129526 -0.13638 0
-0.0139841 0.183519 0
-0.0329019 0.302975 0
-0.0154561 0.31029 0
0.0249353 0.276828 0
0.0733638 0.230853 0
0.121546 0.183655 0
0.164847 0.139666 0
0.200372 0.0999506 0
0.226344 0.0638964 0
0.241697 0.0301013 0
0.245748 -0.00324332 0
0.238044 -0.0382102 0
0.218355 -0.077043 0
0.186885 -0.121895 0
0.144751 -0.174159 0
0.0946129 -0.232987 0
0.0414461 -0.292601 0
-0.00551365 -0.337801 0
-0.0292009 -0.33402 0
-0.0131264 -0.202681 0
0.111725 0.111737 0
0.169585 0.163761 0
0.284635 0.152279 0
0.400933 0.12457 0
0.49395 0.0958254 0
0.564717 0.0706734 0
0.617572 0.0501884 0
0.655578 0.0339662 0
0.68094 0.0210195 0
0.695215 0.0101937 0
0.699208 0.000290158 0
0.692864 -0.00996318 0
0.675186 -0.022013 0
0.644174 -0.0375313 0
0.596809 -0.0583313 0
0.528937 -0.0858541 0
0.434758 -0.119792 0
0.31119 -0.15498 0
0.183542 -0.17298 0
0.115384 -0.119798 0
