0.000600274 -0.000218842 0
-0.00040258 0.00042898 0
-0.0041709 0.000704562 0
-0.00867816 0.000781816 0
-0.0133856 0.000795178 0
-0.018149 0.000813125 0
-0.0230495 0.000861093 0
-0.0282399 0.000942863 0
-0.0338544 0.00105183 0
-0.0399426 0.0011683 0
-0.0463759 0.00125087 0
-0.0527177 0.00122681 0
-0.0580765 0.000988855 0
-0.0610172 0.000414602 0
-0.0596747 -0.000568103 0
-0.0523158 -0.00185971 0
-0.0385311 -0.00304134 0
-0.0206393 -0.00339988 0
-0.00404989 -0.00224507 0
0.00152755 0.000384782 0
0.000244477 -0.000118311 0
-0.00399035 0.00271347 0
-0.0143608 0.00412977 0
-0.026666 0.00462645 0
-0.0396099 0.00475957 0
-0.0527412 0.00486015 0
-0.0661452 0.00506746 0
-0.0800965 0.00540448 0
-0.0948123 0.00582193 0
-0.110259 0.00619127 0
-0.125917 0.00627728 0
-0.140515 0.0057164 0
-0.151785 0.00403828 0
-0.156442 0.000788486 0
-0.150628 -0.00416834 0
-0.13119 -0.0102032 0
-0.0979428 -0.0154214 0
-0.0560647 -0.0168385 0
-0.0167795 -0.0117497 0
0.000216275 -0.000790996 0
-0.000774148 0.00126396 0
-0.00891771 0.0078395 0
-0.0255511 0.0113543 0
-0.0447929 0.0126883 0
-0.0648852 0.0130703 0
-0.085134 0.0132944 0
-0.105569 0.0137149 0
-0.126481 0.0143895 0
-0.148064 0.0151704 0
-0.170116 0.0156979 0
-0.191735 0.0153605 0
-0.211 0.0132849 0
-0.224772 0.00844143 0
-0.2288 -3.24965e-05 0
-0.218415 -0.0121865 0
-0.190067 -0.0263572 0
-0.143812 -0.0382963 0
-0.0859023 -0.0415233 0
-0.0300007 -0.0301857 0
-0.0023633 -0.00588425 0
-0.00202858 0.00420791 0
-0.014378 0.0157251 0
-0.0370739 0.0218739 0
-0.0625117 0.0242143 0
-0.0886555 0.0248289 0
-0.114651 0.0250893 0
-0.14047 0.0256191 0
-0.166383 0.0265136 0
-0.192518 0.0274829 0
-0.218527 0.0278583 0
-0.24324 0.0265565 0
-0.264392 0.0221145 0
-0.278492 0.0129156 0
-0.281046 -0.00226164 0
-0.267283 -0.0232791 0
-0.233576 -0.0472993 0
-0.179706 -0.0675522 0
-0.11139 -0.0736183 0
-0.042565 -0.0554887 0
-0.00512588 -0.0147497 0
-0.00335324 0.00880289 0
-0.0199764 0.0262747 0
-0.0484562 0.0352755 0
-0.0793048 0.0385406 0
-0.110317 0.0391904 0
-0.140559 0.0392453 0
-0.169976 0.0396225 0
-0.198826 0.0404509 0
-0.227204 0.0412757 0
-0.254694 0.0410897 0
-0.280062 0.0383255 0
-0.301031 0.0309549 0
-0.314241 0.0168398 0
-0.315482 -0.00553398 0
-0.300268 -0.0358548 0
-0.26488 -0.0703243 0
-0.20817 -0.0999719 0
-0.133969 -0.110419 0
-0.0548928 -0.0863382 0
-0.00803771 -0.0271627 0
-0.0046931 0.015051 0
-0.0255162 0.0394099 0
-0.0593562 0.0512639 0
-0.0947086 0.0551508 0
-0.129284 0.0554555 0
-0.16215 0.0549121 0
-0.193289 0.054743 0
-0.222993 0.0551092 0
-0.251395 0.055389 0
-0.278145 0.0542494 0
-0.302155 0.0496822 0
-0.321456 0.0391736 0
-0.333195 0.020153 0
-0.333801 -0.0091643 0
-0.319277 -0.0484495 0
-0.285712 -0.093375 0
-0.230513 -0.133366 0
-0.154571 -0.150289 0
-0.0677653 -0.122168 0
-0.0114177 -0.0431973 0
-0.00604962 0.0229216 0
-0.0309174 0.0549859 0
-0.0695362 0.0694833 0
-0.108328 0.0734764 0
-0.145022 0.0728822 0
-0.178794 0.0712146 0
-0.209744 0.0700083 0
-0.23828 0.0694583 0
-0.264663 0.0687926 0
-0.288745 0.0663961 0
-0.309777 0.0598985 0
-0.326337 0.0464041 0
-0.336336 0.0229933 0
-0.337061 -0.0124131 0
-0.325129 -0.0597165 0
-0.296439 -0.114615 0
-0.246723 -0.165717 0
-0.173235 -0.191612 0
-0.0817405 -0.162458 0
-0.0156582 -0.0632444 0
-0.00746795 0.0323864 0
-0.0361941 0.0727915 0
-0.0788498 0.089482 0
-0.119837 0.0928553 0
-0.157061 0.0906555 0
-0.189947 0.0872392 0
-0.218822 0.0844523 0
-0.244297 0.0825262 0
-0.266855 0.0805652 0
-0.286652 0.0767335 0
-0.303413 0.0683939 0
-0.316404 0.0523784 0
-0.324437 0.0254917 0
-0.325776 -0.0146834 0
-0.317784 -0.0685448 0
-0.29634 -0.132407 0
-0.255641 -0.194983 0
-0.189004 -0.232452 0
-0.0968566 -0.206392 0
-0.0211009 -0.0879136 0
-0.00903992 0.0434519 0
-0.0414494 0.0925692 0
-0.0872257 0.110716 0
-0.128948 0.112536 0
-0.164958 0.107905 0
-0.195113 0.102065 0
-0.220096 0.0971572 0
-0.240804 0.0934407 0
-0.258002 0.0899225 0
-0.272213 0.0846104 0
-0.283683 0.0746972 0
-0.29241 0.0568472 0
-0.298133 0.0276606 0
-0.300148 -0.015646 0
-0.29672 -0.074184 0
-0.284064 -0.145424 0
-0.255327 -0.219177 0
-0.20005 -0.270527 0
-0.112469 -0.252641 0
-0.0279412 -0.117873 0
-0.0109173 0.0561966 0
-0.0468813 0.11402 0
-0.094635 0.132535 0
-0.13536 0.131668 0
-0.168222 0.123706 0
-0.193752 0.114783 0
-0.213122 0.107279 0
-0.227576 0.101454 0
-0.238183 0.0962311 0
-0.24582 0.0895175 0
-0.251232 0.0784237 0
-0.255096 0.0595442 0
-0.258026 0.0293525 0
-0.260339 -0.0152831 0
-0.261367 -0.0763013 0
-0.258131 -0.152739 0
-0.243521 -0.236481 0
-0.203934 -0.303263 0
-0.127195 -0.299198 0
-0.036114 -0.153639 0
-0.0133327 0.0708168 0
-0.0527859 0.136786 0
-0.101028 0.154144 0
-0.13864 0.149269 0
-0.166171 0.137072 0
-0.185121 0.124497 0
-0.197268 0.114059 0
-0.204224 0.105954 0
-0.207323 0.0990143 0
-0.207731 0.0910872 0
-0.206587 0.0792759 0
-0.205129 0.0601956 0
-0.204722 0.0302852 0
-0.20664 -0.0138558 0
-0.211406 -0.0749728 0
-0.217338 -0.153885 0
-0.218053 -0.245397 0
-0.197924 -0.327971 0
-0.138965 -0.343326 0
-0.0451423 -0.195326 0
-0.0166225 0.0876854 0
-0.0595452 0.160402 0
-0.106203 0.174523 0
-0.138024 0.164172 0
-0.157706 0.146921 0
-0.168034 0.130321 0
-0.171469 0.116828 0
-0.169946 0.106473 0
-0.164961 0.0979606 0
-0.157838 0.0891074 0
-0.149959 0.0770707 0
-0.142951 0.0585715 0
-0.138758 0.0301205 0
-0.13949 -0.0118132 0
-0.146892 -0.0706206 0
-0.160968 -0.148879 0
-0.177132 -0.244898 0
-0.179259 -0.342063 0
-0.145158 -0.381627 0
-0.0539508 -0.242379 0
-0.0212368 0.107423 0
-0.0675555 0.184181 0
-0.109535 0.192302 0
-0.132061 0.174943 0
-0.140947 0.152054 0
-0.140522 0.131375 0
-0.133912 0.115019 0
-0.123231 0.102696 0
-0.109966 0.0929394 0
-0.0954115 0.0835458 0
-0.0810033 0.0717824 0
-0.0685611 0.054558 0
-0.0604089 0.0285706 0
-0.0593105 -0.00966248 0
-0.0681505 -0.0639008 0
-0.0888007 -0.138198 0
-0.119448 -0.234548 0
-0.145301 -0.343302 0
-0.142762 -0.410217 0
-0.0606695 -0.293276 0
-0.0276887 0.130959 0
-0.0769928 0.206989 0
-0.10942 0.205554 0
-0.117994 0.179792 0
-0.112666 0.151133 0
-0.0993652 0.126809 0
-0.0816566 0.108195 0
-0.0615529 0.0944992 0
-0.0402752 0.0840304 0
-0.0188636 0.0745844 0
0.00139974 0.0635932 0
0.0187067 0.0482334 0
0.0305579 0.0255073 0
0.0337546 -0.00782872 0
0.0244748 -0.0555574 0
-0.000925627 -0.122697 0
-0.0441083 -0.214584 0
-0.0935178 -0.330026 0
-0.128452 -0.424991 0
-0.0624404 -0.345241 0
-0.0362968 0.15949 0
-0.0871183 0.226816 0
-0.102119 0.211512 0
-0.0906883 0.176505 0
-0.0674852 0.142744 0
-0.0395229 0.115902 0
-0.0102499 0.0961441 0
0.0188881 0.0820159 0
0.0472751 0.0715786 0
0.0743726 0.0626666 0
0.0992534 0.0529423 0
0.120307 0.0399317 0
0.135051 0.0210501 0
0.140083 -0.00653041 0
0.130924 -0.0462659 0
0.102541 -0.103477 0
0.0495681 -0.185933 0
-0.0212943 -0.301386 0
-0.0984233 -0.422021 0
-0.0551278 -0.393923 0
-0.0462656 0.194036 0
-0.0943037 0.239859 0
-0.0794802 0.206132 0
-0.0409537 0.162485 0
0.00317913 0.125609 0
0.0464284 0.0982769 0
0.0865099 0.0790568 0
0.123199 0.0657671 0
0.156867 0.0562802 0
0.187704 0.0485545 0
0.215293 0.0405682 0
0.238362 0.0302806 0
0.254604 0.0156137 0
0.260635 -0.00570404 0
0.251635 -0.0365083 0
0.221774 -0.0817182 0
0.162341 -0.150117 0
0.0743647 -0.257538 0
-0.0477742 -0.398048 0
-0.0326574 -0.432792 0
-0.052699 0.234198 0
-0.0867382 0.238685 0
-0.0248286 0.183537 0
0.0467359 0.135086 0
0.112063 0.099091 0
0.168472 0.074327 0
0.216335 0.0578169 0
0.257344 0.0468457 0
0.293157 0.0392894 0
0.324803 0.0333822 0
0.352428 0.0275263 0
0.375159 0.020195 0
0.39097 0.00988601 0
0.396705 -0.00502454 0
0.387534 -0.026563 0
0.357531 -0.0586235 0
0.295492 -0.109267 0
0.197236 -0.199697 0
0.0309876 -0.350027 0
0.0146159 -0.451643 0
-0.0367031 0.274539 0
-0.0319047 0.211391 0
0.092865 0.138028 0
0.196084 0.0935855 0
0.275871 0.0646015 0
0.338104 0.0461319 0
0.387123 0.034576 0
0.426796 0.0272638 0
0.459997 0.0224225 0
0.48843 0.0187648 0
0.512672 0.0152275 0
0.532196 0.0108526 0
0.545319 0.00473484 0
0.549316 -0.00408046 0
0.539743 -0.0167728 0
0.51132 -0.0358082 0
0.451626 -0.0668835 0
0.352998 -0.131169 0
0.151108 -0.273124 0
0.103498 -0.433727 0
0.0704657 0.284227 0
0.146433 0.149902 0
0.322379 0.0758335 0
0.436378 0.045707 0
0.51128 0.0290949 0
0.564452 0.0194402 0
0.603628 0.0139094 0
0.633792 0.010654 0
0.658171 0.00860669 0
0.678539 0.00709706 0
0.69553 0.00562269 0
0.708813 0.003759 0
0.717106 0.00112065 0
0.718354 -0.00267192 0
0.709083 -0.00810853 0
0.685455 -0.0162582 0
0.63603 -0.0297542 0
0.553021 -0.0625514 0
0.340902 -0.166489 0
0.266779 -0.344007 0
0.48979 0.141227 0
0.585741 0.0606479 0
0.718676 0.0234766 0
0.786386 0.0115469 0
0.822398 0.00636796 0
0.845398 0.00378214 0
0.861265 0.00249807 0
0.872975 0.0018345 0
0.882239 0.00145421 0
0.889877 0.00117853 0
0.896109 0.000889236 0
0.900696 0.000494097 0
0.902976 -8.77823e-05 0
0.901972 -0.000923049 0
0.89606 -0.00211635 0
0.883632 -0.00389206 0
0.858424 -0.00681461 0
0.816659 -0.0146611 0
0.674007 -0.0502871 0
0.591257 -0.135121 0
